tic sESP-ROM:esp32s3-20210327
Build:Mar 27 2021
rst:0x15 (USB_UART_CHIP_RESET),boot:0x2b (SPI_FAST_FLASH_BOOT)
Saved PC:0x40048839
SPIWP:0xee
mode:DIO, clock div:1
load:0x3fce2810,len:0x1828
load:0x403c8700,len:0x4
load:0x403c8704,len:0xce8
load:0x403cb700,len:0x2eb8
entry 0x403c8918
[0;32mI (26) boot: ESP-IDF v5.3.4 2nd stage bootloader[0m
[0;32mI (27) boot: compile time Aug 18 2026 15:17:00[0m
[0;32mI (27) boot: Multicore bootloader[0m
[0;32mI (30) boot: chip revision: v0.2[0m
[0;32mI (34) boot: efuse block revision: v1.4[0m
[0;32mI (38) boot.esp32s3: Boot SPI Speed : 80MHz[0m
[0;32mI (43) boot.esp32s3: SPI Mode       : DIO[0m
[0;32mI (48) boot.esp32s3: SPI Flash Size : 2MB[0m
[0;32mI (52) boot: Enabling RNG early entropy source...[0m
[0;32mI (58) boot: Partition Table:[0m
[0;32mI (61) boot: ## Label            Usage          Type ST Offset   Length[0m
[0;32mI (69) boot:  0 nvs              WiFi data        01 02 00009000 00006000[0m
[0;32mI (76) boot:  1 phy_init         RF data          01 01 0000f000 00001000[0m
[0;32mI (84) boot:  2 factory          factory app      00 00 00010000 00100000[0m
[0;32mI (91) boot: End of partition table[0m
[0;32mI (95) esp_image: segment 0: paddr=00010020 vaddr=3c020020 size=21540h (136512) map[0m
[0;32mI (129) esp_image: segment 1: paddr=00031568 vaddr=3fc92c00 size=02acch ( 10956) load[0m
[0;32mI (131) esp_image: segment 2: paddr=0003403c vaddr=40374000 size=0bfdch ( 49116) load[0m
[0;32mI (146) esp_image: segment 3: paddr=00040020 vaddr=42000020 size=1d3c8h (119752) map[0m
[0;32mI (168) esp_image: segment 4: paddr=0005d3f0 vaddr=4037ffdc size=02b6ch ( 11116) load[0m
[0;32mI (177) boot: Loaded app from partition at offset 0x10000[0m
[0;32mI (177) boot: Disabling RNG early entropy source...[0m
[0;32mI (189) cpu_start: Multicore app[0m
[0;32mI (198) cpu_start: Pro cpu start user code[0m
[0;32mI (198) cpu_start: cpu freq: 160000000 Hz[0m
[0;32mI (198) app_init: Application information:[0m
[0;32mI (201) app_init: Project name:     tof_VL53L8CX[0m
[0;32mI (206) app_init: App version:      1[0m
[0;32mI (210) app_init: Compile time:     Aug 18 2026 15:16:50[0m
[0;32mI (216) app_init: ELF file SHA256:  017305da2...[0m
[0;32mI (222) app_init: ESP-IDF:          v5.3.4[0m
[0;32mI (226) efuse_init: Min chip rev:     v0.0[0m
[0;32mI (231) efuse_init: Max chip rev:     v0.99 [0m
[0;32mI (236) efuse_init: Chip rev:         v0.2[0m
[0;32mI (241) heap_init: Initializing. RAM available for dynamic allocation:[0m
[0;32mI (248) heap_init: At 3FC96A98 len 00052C78 (331 KiB): RAM[0m
[0;32mI (254) heap_init: At 3FCE9710 len 00005724 (21 KiB): RAM[0m
[0;32mI (260) heap_init: At 3FCF0000 len 00008000 (32 KiB): DRAM[0m
[0;32mI (267) heap_init: At 600FE000 len 00001FE8 (7 KiB): RTCRAM[0m
[0;32mI (274) spi_flash: detected chip: gd[0m
[0;32mI (277) spi_flash: flash io: dio[0m
[0;33mW (281) spi_flash: Detected size(8192k) larger than the size in the binary image header(2048k). Using the size in the binary image header.[0m
[0;32mI (294) sleep: Configure to isolate all GPIO pins in sleep state[0m
[0;32mI (301) sleep: Enable automatic switching of GPIO sleep configuration[0m
[0;32mI (308) main_task: Started on CPU0[0m
[0;32mI (318) main_task: Calling app_main()[0m
[0;32mI (318) gpio: GPIO[4]| InputEn: 0| OutputEn: 1| OpenDrain: 0| Pullup: 0| Pulldown: 0| Intr:0 [0m
[0;32mI (338) gpio: GPIO[5]| InputEn: 1| OutputEn: 1| OpenDrain: 1| Pullup: 1| Pulldown: 0| Intr:0 [0m
[0;32mI (338) gpio: GPIO[6]| InputEn: 1| OutputEn: 1| OpenDrain: 1| Pullup: 1| Pulldown: 0| Intr:0 [0m
[0;32mI (358) TOF_VL53L8CX: VL53L8CX detected, starting init (uploads firmware, ~1-2s)...[0m
[0;32mI (2608) TOF_VL53L8CX: Init OK[0m
[0;32mI (2778) TOF_VL53L8CX: Ranging started (real 8x8)[0m
[0;32mI (2778) TOF_VL53L8CX: Virtual grid size: 1x1 (20s)[0m
TOF,1,2814
TOF,1,2812
TOF,1,2813
TOF,1,2812
TOF,1,2807
TOF,1,2813
TOF,1,2810
TOF,1,2803
TOF,1,2810
TOF,1,2811
TOF,1,2812
TOF,1,2813
TOF,1,2807
TOF,1,2818
TOF,1,2808
TOF,1,2807
TOF,1,2815
TOF,1,2819
TOF,1,2813
TOF,1,2815
TOF,1,2816
TOF,1,2822
TOF,1,2813
TOF,1,2809
TOF,1,2809
TOF,1,2817
TOF,1,2820
TOF,1,2812
TOF,1,2811
TOF,1,2817
TOF,1,2817
TOF,1,2816
TOF,1,2809
TOF,1,2810
TOF,1,2813
TOF,1,2818
TOF,1,2814
TOF,1,2807
TOF,1,2823
TOF,1,2820
TOF,1,2810
TOF,1,2811
TOF,1,2804
TOF,1,2812
TOF,1,2815
TOF,1,2805
TOF,1,2809
TOF,1,2815
TOF,1,2811
TOF,1,2812
TOF,1,2815
TOF,1,2810
TOF,1,2813
TOF,1,2814
TOF,1,2817
TOF,1,2808
TOF,1,2811
TOF,1,2818
TOF,1,2823
TOF,1,2819
TOF,1,2813
TOF,1,2815
TOF,1,2814
TOF,1,2814
TOF,1,2817
TOF,1,2800
TOF,1,2822
TOF,1,2815
TOF,1,2817
TOF,1,2814
TOF,1,2816
TOF,1,2817
TOF,1,2816
TOF,1,2812
TOF,1,2810
TOF,1,2802
TOF,1,2809
TOF,1,2818
TOF,1,2819
TOF,1,2804
TOF,1,2813
TOF,1,2811
TOF,1,2812
TOF,1,2810
TOF,1,2816
TOF,1,2808
TOF,1,2815
TOF,1,2815
TOF,1,2813
TOF,1,2811
TOF,1,2811
TOF,1,2815
TOF,1,2815
TOF,1,2815
TOF,1,2826
TOF,1,2819
TOF,1,2820
TOF,1,2810
TOF,1,2815
TOF,1,2811
TOF,1,2813
TOF,1,2816
TOF,1,2819
TOF,1,2809
TOF,1,2814
TOF,1,2812
TOF,1,2814
TOF,1,2819
TOF,1,2817
TOF,1,2811
TOF,1,2812
TOF,1,2810
TOF,1,2818
TOF,1,2811
TOF,1,2811
TOF,1,2809
TOF,1,2813
TOF,1,2814
TOF,1,2817
TOF,1,2814
TOF,1,2817
TOF,1,2819
TOF,1,2815
TOF,1,2817
TOF,1,2809
TOF,1,2819
TOF,1,2815
TOF,1,2812
TOF,1,2810
TOF,1,2813
TOF,1,2817
TOF,1,2812
TOF,1,2815
TOF,1,2816
TOF,1,2821
TOF,1,2816
TOF,1,2812
TOF,1,2809
TOF,1,2820
TOF,1,2810
TOF,1,2816
TOF,1,2813
TOF,1,2814
TOF,1,2810
TOF,1,2810
TOF,1,2818
TOF,1,2812
TOF,1,2819
TOF,1,2812
TOF,1,2813
TOF,1,2821
TOF,1,2817
TOF,1,2820
TOF,1,2821
TOF,1,2813
TOF,1,2818
TOF,1,2818
TOF,1,2810
TOF,1,2809
TOF,1,2812
TOF,1,2816
TOF,1,2814
TOF,1,2817
TOF,1,2813
TOF,1,2821
TOF,1,2817
TOF,1,2815
TOF,1,2810
TOF,1,2818
TOF,1,2801
TOF,1,2814
TOF,1,2812
TOF,1,2816
TOF,1,2812
TOF,1,2781
TOF,1,2819
TOF,1,2808
TOF,1,2809
TOF,1,2820
TOF,1,2816
TOF,1,2809
TOF,1,2818
TOF,1,2819
TOF,1,2812
TOF,1,2809
TOF,1,2817
TOF,1,2813
TOF,1,2813
TOF,1,2812
TOF,1,2820
TOF,1,2817
TOF,1,2813
TOF,1,2811
TOF,1,2812
TOF,1,2813
TOF,1,2806
TOF,1,2812
TOF,1,2815
TOF,1,2806
TOF,1,2824
TOF,1,2816
TOF,1,2816
TOF,1,2817
TOF,1,2818
TOF,1,2816
TOF,1,2815
TOF,1,2815
TOF,1,2810
TOF,1,2817
TOF,1,2824
TOF,1,2815
TOF,1,2821
TOF,1,2815
TOF,1,2821
TOF,1,2809
TOF,1,2813
TOF,1,2812
TOF,1,2813
TOF,1,2808
TOF,1,2816
TOF,1,2805
TOF,1,2820
TOF,1,2816
TOF,1,2821
TOF,1,2815
TOF,1,2816
TOF,1,2818
TOF,1,2811
TOF,1,2807
TOF,1,2815
TOF,1,2811
TOF,1,2811
TOF,1,2809
TOF,1,2806
TOF,1,2807
TOF,1,2813
TOF,1,2817
TOF,1,2819
TOF,1,2812
TOF,1,2814
TOF,1,2808
TOF,1,2813
TOF,1,2812
TOF,1,2815
TOF,1,2815
TOF,1,2816
TOF,1,2818
TOF,1,2818
TOF,1,2819
TOF,1,2812
TOF,1,2816
TOF,1,2816
TOF,1,2819
TOF,1,2823
TOF,1,2821
TOF,1,2809
TOF,1,2818
TOF,1,2807
TOF,1,2810
TOF,1,2807
TOF,1,2812
TOF,1,2807
TOF,1,2815
TOF,1,2807
TOF,1,2820
TOF,1,2819
TOF,1,2811
TOF,1,2813
TOF,1,2811
TOF,1,2809
TOF,1,2811
TOF,1,2810
TOF,1,2818
TOF,1,2816
TOF,1,2816
TOF,1,2820
TOF,1,2822
TOF,1,2812
TOF,1,2809
TOF,1,2809
TOF,1,2809
TOF,1,2816
TOF,1,2814
TOF,1,2818
TOF,1,2812
TOF,1,2810
TOF,1,2813
TOF,1,2817
TOF,1,2813
TOF,1,2812
TOF,1,2819
TOF,1,2812
TOF,1,2822
TOF,1,2820
TOF,1,2816
TOF,1,2814
TOF,1,2819
TOF,1,2817
TOF,1,2819
TOF,1,2816
TOF,1,2815
TOF,1,2810
[0;32mI (22778) TOF_VL53L8CX: Virtual grid size: 2x2 (20s)[0m
TOF,2,2680,2749,2939,2860
TOF,2,2717,2754,2928,2857
TOF,2,2679,2758,2934,2865
TOF,2,2691,2758,2934,2864
TOF,2,2723,2743,2918,2864
TOF,2,2728,2740,2931,2862
TOF,2,2708,2749,2925,2863
TOF,2,2713,2737,2931,2870
TOF,2,2697,2746,2930,2866
TOF,2,2694,2759,2930,2879
TOF,2,2707,2748,2930,2871
TOF,2,2742,2749,2929,2864
TOF,2,2710,2751,2930,2865
TOF,2,2729,2750,2922,2865
TOF,2,2720,2751,2931,2865
TOF,2,2723,2747,2934,2866
TOF,2,2717,2750,2932,2860
TOF,2,2728,2754,2936,2867
TOF,2,2720,2747,2929,2861
TOF,2,2721,2760,2937,2870
TOF,2,2718,2755,2931,2862
TOF,2,2710,2746,2936,2866
TOF,2,2722,2756,2930,2865
TOF,2,2705,2753,2930,2857
TOF,2,2711,2761,2929,2858
TOF,2,2699,2752,2931,2866
TOF,2,2708,2745,2934,2860
TOF,2,2706,2756,2931,2868
TOF,2,2736,2749,2919,2864
TOF,2,2730,2761,2917,2863
TOF,2,2733,2753,2935,2866
TOF,2,2729,2762,2921,2859
TOF,2,2733,2760,2934,2864
TOF,2,2727,2751,2938,2864
TOF,2,2700,2739,2929,2864
TOF,2,2731,2747,2931,2857
TOF,2,2710,2752,2925,2871
TOF,2,2696,2753,2924,2858
TOF,2,2741,2747,2926,2867
TOF,2,2708,2747,2929,2868
TOF,2,2714,2748,2923,2872
TOF,2,2699,2753,2926,2867
TOF,2,2697,2760,2919,2868
TOF,2,2725,2745,2925,2870
TOF,2,2719,2747,2936,2866
TOF,2,2700,2758,2927,2866
TOF,2,2713,2743,2923,2869
TOF,2,2740,2748,2939,2867
TOF,2,2704,2749,2932,2873
TOF,2,2696,2744,2926,2866
TOF,2,2736,2761,2933,2865
TOF,2,2727,2758,2921,2863
TOF,2,2699,2754,2924,2862
TOF,2,2710,2753,2920,2862
TOF,2,2739,2739,2924,2868
TOF,2,2725,2758,2938,2867
TOF,2,2710,2749,2920,2866
TOF,2,2715,2750,2925,2869
TOF,2,2699,2761,2927,2863
TOF,2,2711,2749,2939,2863
TOF,2,2693,2757,2940,2863
TOF,2,2723,2740,2938,2860
TOF,2,2708,2747,2934,2867
TOF,2,2704,2753,2925,2867
TOF,2,2705,2759,2921,2866
TOF,2,2708,2760,2930,2865
TOF,2,2728,2754,2936,2865
TOF,2,2726,2761,2942,2865
TOF,2,2709,2745,2928,2867
TOF,2,2682,2768,2922,2867
TOF,2,2726,2749,2932,2867
TOF,2,2678,2751,2935,2867
TOF,2,2706,2757,2920,2862
TOF,2,2693,2746,2934,2863
TOF,2,2724,2748,2930,2864
TOF,2,2725,2750,2929,2867
TOF,2,2685,2756,2927,2859
TOF,2,2705,2756,2925,2869
TOF,2,2712,2757,2927,2864
TOF,2,2709,2748,2930,2868
TOF,2,2696,2747,2931,2859
TOF,2,2690,2744,2934,2861
TOF,2,2689,2752,2928,2865
TOF,2,2694,2753,2938,2865
TOF,2,2708,2747,2931,2868
TOF,2,2705,2743,2932,2865
TOF,2,2712,2743,2925,2861
TOF,2,2710,2750,2925,2868
TOF,2,2716,2743,2928,2867
TOF,2,2716,2747,2929,2865
TOF,2,2738,2753,2932,2870
TOF,2,2684,2754,2938,2863
TOF,2,2708,2750,2937,2874
TOF,2,2722,2754,2919,2856
TOF,2,2722,2747,2927,2866
TOF,2,2733,2747,2929,2865
TOF,2,2714,2748,2927,2864
TOF,2,2727,2754,2920,2864
TOF,2,2707,2751,2921,2870
TOF,2,2736,2760,2917,2866
TOF,2,2721,2750,2936,2872
TOF,2,2724,2749,2936,2870
TOF,2,2729,2758,2932,2870
TOF,2,2715,2749,2931,2867
TOF,2,2714,2749,2930,2869
TOF,2,2699,2751,2926,2870
TOF,2,2734,2758,2939,2867
TOF,2,2728,2762,2919,2869
TOF,2,2707,2742,2933,2862
TOF,2,2691,2752,2912,2866
TOF,2,2711,2753,2931,2871
TOF,2,2691,2747,2939,2864
TOF,2,2692,2758,2923,2862
TOF,2,2700,2745,2927,2870
TOF,2,2690,2755,2918,2865
TOF,2,2700,2745,2923,2859
TOF,2,2730,2750,2928,2864
TOF,2,2719,2754,2921,2870
TOF,2,2716,2750,2929,2866
TOF,2,2704,2759,2926,2865
TOF,2,2680,2751,2933,2871
TOF,2,2686,2758,2922,2870
TOF,2,2688,2748,2927,2865
TOF,2,2715,2755,2923,2864
TOF,2,2708,2766,2925,2866
TOF,2,2710,2748,2927,2866
TOF,2,2698,2757,2940,2865
TOF,2,2700,2760,2927,2863
TOF,2,2699,2752,2923,2866
TOF,2,2699,2749,2928,2861
TOF,2,2698,2754,2920,2864
TOF,2,2709,2750,2923,2862
TOF,2,2709,2753,2925,2862
TOF,2,2720,2756,2925,2873
TOF,2,2713,2752,2922,2862
TOF,2,2718,2744,2935,2872
TOF,2,2713,2764,2924,2867
TOF,2,2703,2758,2926,2863
TOF,2,2704,2753,2921,2866
TOF,2,2705,2756,2920,2864
TOF,2,2720,2755,2944,2865
TOF,2,2698,2750,2926,2872
TOF,2,2694,2762,2920,2861
TOF,2,2700,2754,2927,2871
TOF,2,2710,2747,2928,2860
TOF,2,2729,2747,2932,2861
TOF,2,2736,2743,2926,2872
TOF,2,2705,2752,2918,2868
TOF,2,2716,2759,2925,2863
TOF,2,2731,2761,2939,2866
TOF,2,2729,2758,2929,2866
TOF,2,2704,2752,2916,2865
TOF,2,2730,2750,2919,2869
TOF,2,2717,2759,2926,2875
TOF,2,2698,2760,2927,2865
TOF,2,2703,2759,2927,2873
TOF,2,2712,2766,2929,2863
TOF,2,2705,2753,2929,2871
TOF,2,2724,2753,2934,2865
TOF,2,2710,2765,2918,2857
TOF,2,2692,2758,2797,2868
TOF,2,2691,2762,2655,2866
TOF,2,2669,2757,2662,2867
TOF,2,2700,2747,2654,2867
TOF,2,2688,2759,2653,2868
TOF,2,2704,2756,2508,2864
TOF,2,2719,2749,2374,2861
TOF,2,2696,2742,2509,2866
TOF,2,2590,2753,2368,2868
TOF,2,2411,2744,2365,2863
TOF,2,2314,2754,2355,2867
TOF,2,1928,2755,2341,2861
TOF,2,1880,2752,2489,2866
TOF,2,1746,2755,2337,2861
TOF,2,1612,2754,2337,2861
TOF,2,1592,2755,2319,2864
TOF,2,1714,2755,2173,2871
TOF,2,1687,2763,2165,2871
TOF,2,1683,2769,2008,2862
TOF,2,1672,2752,2016,2864
TOF,2,1702,2759,2021,2869
TOF,2,1863,2745,2020,2864
TOF,2,1843,2752,2166,2867
TOF,2,1831,2758,2176,2860
TOF,2,1827,2771,2169,2866
TOF,2,1849,2752,2167,2865
TOF,2,1975,2757,2169,2868
TOF,2,1949,2759,2171,2864
TOF,2,1983,2748,2165,2867
TOF,2,1854,2751,2164,2864
TOF,2,1955,2762,2178,2863
TOF,2,1957,2752,2164,2867
TOF,2,1972,2749,2161,2865
TOF,2,1981,2738,2169,2871
TOF,2,2118,2741,2173,2869
TOF,2,1987,2756,2159,2868
TOF,2,2133,2753,2162,2861
TOF,2,2113,2761,2165,2862
TOF,2,2258,2751,2169,2867
TOF,2,2264,2755,2002,2865
TOF,2,2253,2752,2015,2859
TOF,2,2237,2757,2004,2866
TOF,2,2252,2746,1860,2870
TOF,2,2281,2749,1710,2867
TOF,2,2246,2768,1715,2863
TOF,2,2407,2750,1712,2864
TOF,2,2394,2752,1843,2870
TOF,2,2264,2754,1852,2864
TOF,2,2268,2750,1852,2863
TOF,2,2009,2744,1693,2862
TOF,2,2140,2759,1698,2866
TOF,2,2285,2744,1543,2860
TOF,2,1882,2759,1379,2865
TOF,2,2016,2756,1378,2860
TOF,2,2046,2763,1377,2857
TOF,2,2036,2764,1377,2864
TOF,2,1885,2759,1377,2869
TOF,2,1897,2745,1375,2866
TOF,2,2021,2762,1377,2862
TOF,2,1893,2763,1376,2865
TOF,2,1890,2751,1233,2856
TOF,2,1739,2766,1229,2863
TOF,2,1884,2759,1227,2875
TOF,2,1734,2751,1228,2860
TOF,2,1877,2748,1229,2873
TOF,2,1747,2755,1228,2862
TOF,2,1738,2756,1233,2866
TOF,2,1743,2752,1232,2867
TOF,2,1884,2750,1228,2868
TOF,2,1742,2750,1378,2859
TOF,2,1883,2761,1381,2865
TOF,2,1861,2760,1227,2865
TOF,2,1727,2766,1551,2869
TOF,2,1730,2765,1538,2863
TOF,2,1886,2752,1540,2869
TOF,2,1871,2740,1385,2866
TOF,2,1599,2753,1384,2864
TOF,2,1879,2761,1549,2860
TOF,2,1737,2759,1547,2863
TOF,2,1728,2746,1683,2860
TOF,2,1856,2607,1549,2869
TOF,2,1856,2760,1690,2870
TOF,2,1876,2769,1704,2872
TOF,2,1860,2756,1538,2869
TOF,2,1856,2752,1542,2865
TOF,2,1987,2753,1846,2867
TOF,2,1882,2741,1848,2862
TOF,2,1737,2744,1849,2864
TOF,2,1875,2764,1849,2863
TOF,2,1880,2769,1855,2866
TOF,2,1852,2749,1855,2866
TOF,2,2000,2749,1692,2856
TOF,2,2002,2753,1847,2867
TOF,2,1887,2743,1845,2862
TOF,2,1896,2762,1846,2863
TOF,2,2008,2762,1849,2871
TOF,2,1746,2752,1859,2862
TOF,2,1885,2754,2006,2868
TOF,2,1883,2743,2010,2869
TOF,2,1863,2754,2007,2864
TOF,2,1874,2759,1999,2862
TOF,2,1868,2754,2009,2865
TOF,2,1993,2751,2012,2864
TOF,2,1990,2756,1995,2865
TOF,2,2014,2758,2014,2860
TOF,2,1994,2757,1992,2866
TOF,2,1993,2759,2011,2864
TOF,2,2017,2757,1840,2869
TOF,2,1860,2755,2006,2877
TOF,2,2002,2750,2003,2863
TOF,2,1977,2762,1997,2863
TOF,2,1989,2747,1996,2866
TOF,2,2006,2766,2012,2862
TOF,2,2012,2749,2012,2869
TOF,2,2002,2732,1854,2864
TOF,2,2006,2748,1849,2861
TOF,2,1994,2755,1998,2870
TOF,2,2003,2750,1848,2858
TOF,2,1990,2749,1848,2869
TOF,2,1995,2747,1851,2860
TOF,2,1996,2760,1850,2867
TOF,2,1986,2748,1845,2853
TOF,2,2000,2753,1853,2863
TOF,2,1856,2752,1854,2869
TOF,2,1985,2600,1848,2712
TOF,2,1977,1661,1843,2705
TOF,2,1975,1055,1846,2867
TOF,2,1847,1041,1844,2866
TOF,2,2110,1352,1850,2873
TOF,2,2003,1513,1849,2872
TOF,2,1720,1513,1838,2866
TOF,2,1687,1349,1690,2866
TOF,2,1527,1346,1854,2862
TOF,2,1662,1346,1517,2863
TOF,2,1670,1342,1525,2874
TOF,2,1528,1338,1517,2874
TOF,2,1520,1347,1528,2868
TOF,2,1493,1499,1360,2858
TOF,2,1512,1662,1364,2868
TOF,2,1526,1659,1517,2859
TOF,2,1521,1653,1519,2872
TOF,2,1525,1330,1515,2865
TOF,2,1389,1332,1690,2862
[0;32mI (42788) TOF_VL53L8CX: Virtual grid size: 3x3 (20s)[0m
TOF,3,2032,182,611,834,2579,2534,1294,2345,2871
TOF,3,2003,182,614,836,2578,2809,850,2360,2869
TOF,3,2037,187,615,833,2583,2777,846,2638,2882
TOF,3,2029,189,622,831,2584,2810,848,2647,2877
TOF,3,2011,584,613,821,2590,2805,840,2648,2875
TOF,3,1948,587,619,828,2583,2803,1274,2645,2870
TOF,3,2045,591,618,834,2584,2806,1319,2647,2872
TOF,3,1993,595,622,828,2313,2809,850,2644,2872
TOF,3,1963,602,621,829,2585,2807,1282,2641,2872
TOF,3,1380,604,625,836,2590,2806,1279,2651,2873
TOF,3,1414,602,626,832,2582,2797,1290,2647,2879
TOF,3,2014,607,626,830,2590,2797,1302,2640,2869
TOF,3,2003,612,630,828,2321,2807,847,2641,2871
TOF,3,2020,597,624,435,2584,2797,1288,2641,2872
TOF,3,2052,591,625,834,2588,2796,854,2648,2874
TOF,3,2037,596,632,835,2586,2803,864,2644,2877
TOF,3,2015,594,621,830,2585,2801,1268,2640,2880
TOF,3,1985,592,627,835,2586,2797,1275,2647,2877
TOF,3,2018,586,621,427,2586,2802,1287,2639,2887
TOF,3,1930,590,627,430,2577,2799,841,2643,2868
TOF,3,1968,592,625,832,2588,2807,1285,2640,2873
TOF,3,2500,596,623,833,2590,2811,1285,2644,2882
TOF,3,2434,594,622,832,2584,2794,1284,2636,2873
TOF,3,2453,599,623,430,2589,2804,851,2647,2871
TOF,3,1977,604,622,847,2586,2801,1269,2640,2875
TOF,3,1441,611,636,836,2589,2797,1299,2638,2882
TOF,3,2562,613,627,829,2589,2803,1283,2642,2867
TOF,3,2567,598,631,837,2586,2798,1283,2630,2871
TOF,3,1915,595,624,440,2582,2805,1296,2636,2871
TOF,3,1911,595,623,439,2591,2808,850,2919,2881
TOF,3,1938,592,625,434,2583,2811,1283,2650,2879
TOF,3,2509,596,630,432,2593,2814,1275,2648,2876
TOF,3,2526,603,618,834,2584,2815,1264,2648,2865
TOF,3,2584,596,623,436,2595,2795,1298,2642,2877
TOF,3,1922,592,620,836,2586,2809,1292,2636,2874
TOF,3,2526,613,626,832,2588,2802,1289,2641,2876
TOF,3,2040,593,626,834,2585,2800,1264,2644,2881
TOF,3,1927,596,626,443,2590,2794,1287,2635,2879
TOF,3,2491,613,625,833,2591,2803,1285,2645,2875
TOF,3,2435,612,629,839,2591,2807,1300,2640,2871
TOF,3,2473,590,624,439,2585,2805,1278,2637,2875
TOF,3,1939,594,623,435,2586,2823,1276,2912,2871
TOF,3,2534,598,629,842,2582,2805,1299,2913,2877
TOF,3,2536,608,629,442,2587,2805,1282,2640,2872
TOF,3,1944,616,626,844,2580,2815,1304,2915,2869
TOF,3,1912,600,625,835,2591,2815,1285,2921,2873
TOF,3,2054,603,630,839,2578,2811,1295,2920,2872
TOF,3,2541,1029,631,852,2591,2803,1285,2913,2878
TOF,3,2455,1003,628,844,2581,2799,1270,2918,2867
TOF,3,2479,1035,628,849,2859,2803,874,2906,2873
TOF,3,1933,1016,628,854,2577,2792,1289,2917,2871
TOF,3,2505,1015,631,862,2854,2801,1706,2912,2877
TOF,3,2520,1025,628,850,2852,2799,1709,2916,2872
TOF,3,2030,1030,623,855,2855,2807,1736,2912,2879
TOF,3,1458,1014,624,855,2858,2806,1700,2927,2861
TOF,3,2452,1001,628,866,2856,2810,1728,2907,2873
TOF,3,2526,600,628,862,2854,2806,1682,2910,2878
TOF,3,2524,1031,623,867,2859,2801,1693,2917,2873
TOF,3,2506,1023,628,857,2852,2806,2130,2905,2864
TOF,3,2509,1013,628,863,2859,2806,2136,2908,2867
TOF,3,1930,1022,628,854,2852,2805,1701,2910,2881
TOF,3,2519,1031,624,858,2856,2800,2119,2917,2875
TOF,3,2560,1005,622,865,2864,2814,1717,2924,2877
TOF,3,2518,604,626,863,2858,2810,1713,2911,2867
TOF,3,2442,1007,623,862,2853,2818,2119,2913,2873
TOF,3,2436,1012,626,864,2860,2802,2150,2915,2870
TOF,3,1420,1016,630,862,2858,2802,2123,2915,2882
TOF,3,2447,1006,624,858,2859,2806,2148,2922,2870
TOF,3,2505,1026,623,877,2861,2799,2131,2912,2872
TOF,3,2554,1014,623,870,2855,2796,2146,2921,2873
TOF,3,2529,1027,626,464,2852,2813,2133,2914,2879
TOF,3,2562,1037,629,866,2857,2801,2121,2924,2870
TOF,3,2019,1020,632,856,2856,2795,2125,2920,2872
TOF,3,2515,1016,629,870,2851,2808,2153,2923,2879
TOF,3,2453,1030,626,877,2848,2810,2152,2918,2874
TOF,3,2452,1005,625,868,2858,2807,2150,2908,2865
TOF,3,2441,1019,623,867,2853,2799,2145,2912,2876
TOF,3,2457,1003,629,876,2858,2812,2148,2923,2881
TOF,3,1925,1026,628,879,2853,2812,2145,2910,2881
TOF,3,2549,1015,628,472,2857,2804,2137,2913,2877
TOF,3,2544,1015,625,874,2854,2798,2154,2911,2883
TOF,3,2547,1023,628,868,2850,2796,2131,2917,2878
TOF,3,1932,1022,630,875,2856,2812,2126,2921,2865
TOF,3,2542,1018,628,867,2857,2798,2135,2918,2876
TOF,3,2537,1029,626,462,2858,2810,2133,2916,2869
TOF,3,2551,1025,626,883,2858,2802,2153,2918,2879
TOF,3,1920,1011,628,875,2856,2805,2113,2919,2873
TOF,3,2563,1016,622,494,2855,2807,2556,2913,2877
TOF,3,2453,1009,625,877,2863,2803,2554,2922,2873
TOF,3,2457,1019,627,889,2855,2801,2553,2915,2878
TOF,3,2485,1016,626,902,2855,2814,2556,2915,2866
TOF,3,2476,1028,623,921,2859,2803,2952,2914,2873
TOF,3,2036,1018,630,1335,2859,2806,2943,2914,2878
TOF,3,2500,1020,621,1710,2857,2799,2933,2916,2876
TOF,3,2563,1012,631,1316,2856,2807,2952,2916,2870
TOF,3,2545,1008,631,1325,2864,2813,2950,2909,2877
TOF,3,2542,1018,624,1698,2855,2811,2940,2908,2874
TOF,3,2512,1020,628,1303,2856,2803,2553,2917,2872
TOF,3,2543,1017,628,914,2856,2803,2569,2923,2874
TOF,3,2503,1021,631,926,2852,2801,2561,2912,2873
TOF,3,2505,1021,626,906,2851,2806,2555,2916,2876
TOF,3,2563,1021,631,890,2862,2807,2534,2909,2880
TOF,3,2547,1023,629,895,2851,2809,2523,2921,2871
TOF,3,2536,1020,629,889,2860,2806,2141,2910,2861
TOF,3,2533,1025,630,868,2854,2805,2121,2906,2878
TOF,3,2544,1016,629,875,2856,2805,2145,2914,2877
TOF,3,2483,1024,623,877,2857,2799,2137,2916,2862
TOF,3,2510,1021,633,476,2857,2804,2136,2910,2874
TOF,3,2461,1027,623,489,2859,2798,2158,2913,2875
TOF,3,1937,1046,627,478,2855,2806,2151,2926,2875
TOF,3,2438,1026,626,479,2852,2797,2159,2916,2872
TOF,3,2453,1031,629,471,2857,2794,2120,2910,2883
TOF,3,2482,1017,624,469,2577,2798,2145,2909,2865
TOF,3,2443,1038,630,472,2852,2811,2142,2914,2869
TOF,3,1921,1026,626,466,2579,2802,2152,2915,2873
TOF,3,1921,1028,628,461,2322,2807,2130,2920,2875
TOF,3,1949,1037,631,461,2324,2803,2121,2914,2867
TOF,3,1927,1023,626,460,2325,2804,2128,2916,2872
TOF,3,1901,992,629,460,2325,2791,2130,2919,2884
TOF,3,1933,1031,630,461,2327,2803,2143,2913,2873
TOF,3,2488,1024,631,454,2322,2804,2144,2915,2878
TOF,3,2521,1017,629,459,2325,2811,2139,2914,2875
TOF,3,2425,1019,628,453,2325,2801,2126,2910,2872
TOF,3,2467,1014,627,455,2318,2803,2140,2915,2880
TOF,3,1947,1010,626,450,2326,2789,2125,2922,2866
TOF,3,1928,1005,626,455,2587,2797,2144,2917,2876
TOF,3,2546,1023,626,459,2588,2809,2122,2915,2892
TOF,3,2553,1027,625,454,2593,2805,2153,2923,2879
TOF,3,1934,1012,619,454,2586,2796,1701,2919,2880
TOF,3,2486,1012,628,454,2588,2789,1684,2916,2870
TOF,3,1920,1008,624,446,2597,2804,1714,2915,2880
TOF,3,1926,1020,632,448,2586,2804,1723,2916,2877
TOF,3,2503,1027,626,856,2583,2796,1708,2915,2865
TOF,3,2036,1021,631,860,2856,2811,1715,2910,2877
TOF,3,2528,1016,629,856,2861,2808,1732,2918,2879
TOF,3,2540,1025,624,858,2851,2797,1735,2909,2879
TOF,3,2044,1021,626,859,2854,2803,1715,2910,2879
TOF,3,2541,1002,628,876,2859,2794,1725,2907,2877
TOF,3,2554,1018,628,867,2859,2802,1714,2916,2874
TOF,3,2543,1022,626,869,2855,2794,1718,2914,2878
TOF,3,2508,1024,627,861,2859,2806,1744,2913,2886
TOF,3,1932,1012,625,857,2854,2823,1723,2909,2876
TOF,3,2449,1024,629,880,2861,2800,1724,2917,2874
TOF,3,2440,1020,631,863,2858,2804,1749,2917,2887
TOF,3,1936,1031,626,875,2867,2812,1716,2908,2869
TOF,3,2543,1015,624,876,2854,2801,1712,2915,2874
TOF,3,2569,990,623,874,2852,2799,1714,2907,2880
TOF,3,2475,1029,632,870,2862,2799,1723,2922,2877
TOF,3,2422,1040,628,873,2856,2800,2143,2914,2881
TOF,3,2408,1004,634,875,2859,2807,2147,2912,2871
TOF,3,2417,1024,627,871,2863,2796,2157,2907,2873
TOF,3,2447,1035,631,891,2860,2802,2146,2911,2876
TOF,3,2437,1028,623,899,2854,2809,2156,2919,2872
TOF,3,2445,1025,625,931,2859,2803,2541,2911,2874
TOF,3,2514,1016,625,948,2861,2798,2570,2921,2864
TOF,3,2544,1030,631,982,2853,2807,2945,2914,2870
TOF,3,2507,1023,627,1375,2857,2814,2936,2917,2874
TOF,3,2450,1014,628,1771,2863,2806,2950,2915,2875
TOF,3,1950,1040,623,1788,2857,2799,2971,2909,2873
TOF,3,2465,1035,627,1797,2857,2797,2970,2915,2875
TOF,3,2466,1013,632,2177,2857,2798,2976,2911,2871
TOF,3,2009,1018,632,2187,2856,2794,2939,2916,2865
TOF,3,2493,1446,626,2201,2860,2797,2973,2916,2859
TOF,3,2433,1462,630,2205,2857,2798,2983,2910,2876
TOF,3,2476,1865,1049,2210,2858,2801,2928,2919,2869
TOF,3,2455,1866,1065,2517,2861,2807,2925,2919,2876
TOF,3,2524,1463,1490,2204,2863,2802,2959,2912,2870
TOF,3,2512,1488,1918,2861,2858,2790,2959,2908,2870
TOF,3,2521,1847,2334,2852,2851,2802,2945,2919,2874
TOF,3,2474,2330,2362,2844,2862,2795,2936,2922,2875
TOF,3,2554,2692,2696,2557,2861,2795,2970,2916,2878
TOF,3,2499,2702,2709,2843,2857,2799,2955,2917,2870
TOF,3,2485,2701,2689,2550,2858,2802,2939,2916,2869
TOF,3,2475,2705,2702,2846,2863,2794,2939,2911,2874
TOF,3,2519,2729,2701,2851,2863,2799,2954,2921,2870
TOF,3,2490,2709,2691,2848,2857,2781,2940,2923,2871
TOF,3,2520,2675,2709,2840,2857,2791,2924,2916,2882
TOF,3,2525,2706,2722,2853,2861,2810,2961,2911,2880
TOF,3,2503,2695,2697,2850,2854,2806,2962,2920,2877
TOF,3,2545,2711,2727,2855,2859,2799,2939,2917,2872
TOF,3,2556,2632,2706,2849,2867,2782,2957,2924,2878
TOF,3,2452,2639,2693,2860,2860,2802,2961,2923,2874
TOF,3,2401,2646,2702,2849,2858,2803,2963,2908,2880
TOF,3,2467,2650,2716,2854,2856,2800,2940,2911,2880
TOF,3,2486,2642,2719,2861,2860,2791,2928,2914,2871
TOF,3,2437,2710,2706,2852,2858,2804,2963,2916,2861
TOF,3,2487,2708,2704,2835,2854,2807,2939,2914,2877
TOF,3,2564,2706,2697,2848,2861,2793,2952,2916,2871
TOF,3,2521,2689,2718,2836,2864,2796,2959,2919,2865
TOF,3,2522,2636,2700,2857,2861,2807,2945,2912,2872
TOF,3,2460,2692,2710,2854,2852,2808,2957,2914,2866
TOF,3,2438,2703,2695,2850,2860,2787,2963,2908,2879
TOF,3,2531,2697,2713,2847,2856,2804,2931,2912,2873
TOF,3,2458,2703,2711,2865,2856,2800,2951,2919,2866
TOF,3,2521,2693,2695,2844,2853,2791,2956,2916,2875
TOF,3,2509,2718,2699,2856,2858,2794,2966,2914,2881
TOF,3,2545,2690,2696,2851,2854,2807,2976,2918,2869
TOF,3,2512,2707,2702,2856,2857,2786,2938,2914,2866
TOF,3,2456,2685,2700,2834,2864,2786,2946,2923,2869
TOF,3,2510,2708,2693,2857,2857,2801,2942,2922,2870
TOF,3,2457,2716,2715,2851,2861,2804,2946,2912,2867
TOF,3,2507,2637,2716,2862,2865,2804,2962,2918,2869
TOF,3,2456,2681,2706,2835,2857,2793,2947,2918,2874
TOF,3,2444,2653,2685,2861,2861,2798,2946,2920,2869
TOF,3,2465,2671,2695,2855,2862,2794,2946,2918,2873
TOF,3,2427,2711,2715,2852,2858,2789,2940,2920,2871
TOF,3,2446,2685,2709,2851,2859,2781,2947,2912,2873
TOF,3,2500,2630,2706,2859,2864,2798,2938,2908,2873
TOF,3,2451,2693,2708,2845,2855,2788,2903,2910,2871
TOF,3,2478,2676,2692,2844,2861,2792,2946,2916,2871
TOF,3,2470,2660,2720,2851,2857,2798,2923,2913,2873
TOF,3,2530,2648,2715,2847,2858,2804,2953,2916,2864
TOF,3,2496,2689,2717,2845,2858,2790,2962,2921,2870
TOF,3,2540,2683,2722,2848,2863,2793,2949,2920,2865
TOF,3,2501,2679,2695,2870,2854,2799,2949,2914,2870
TOF,3,2504,2677,2707,2854,2860,2793,2952,2916,2870
TOF,3,2449,2664,2699,2844,2857,2798,2947,2916,2866
TOF,3,2401,2638,2693,2845,2861,2794,2974,2909,2874
TOF,3,2415,2656,2700,2848,2858,2780,2976,2917,2871
TOF,3,2443,2639,2724,2849,2857,2785,2952,2923,2871
TOF,3,2552,2634,2681,2842,2865,2798,2959,2912,2873
TOF,3,2437,2647,2716,2846,2858,2800,2962,2917,2871
TOF,3,2412,2644,2701,2543,2859,2789,2952,2922,2868
TOF,3,2516,2731,2706,2540,2861,2798,2934,2921,2871
TOF,3,2045,2659,2708,2548,2861,2794,2956,2914,2871
TOF,3,2041,2670,2705,2558,2863,2792,2970,2916,2873
TOF,3,2501,2705,2698,2556,2864,2783,2938,2915,2861
TOF,3,2491,2641,2683,2563,2856,2793,2956,2926,2866
TOF,3,2418,2727,2715,2850,2858,2806,2973,2912,2868
TOF,3,2448,2716,2698,2867,2860,2800,2944,2916,2878
TOF,3,2399,2633,2705,2843,2860,2789,2933,2914,2865
TOF,3,2441,2713,2710,2853,2857,2793,2954,2915,2870
TOF,3,2442,2713,2714,2847,2859,2799,2944,2914,2875
TOF,3,2456,2710,2729,2842,2852,2796,2965,2915,2867
TOF,3,2522,2664,2715,2854,2854,2795,2967,2911,2873
TOF,3,2527,2729,2719,2848,2859,2803,2941,2916,2876
TOF,3,2439,2641,2725,2846,2853,2802,2941,2908,2859
TOF,3,2425,2653,2748,2841,2857,2803,2906,2901,2859
TOF,3,2429,2652,2722,2847,2854,2801,2920,2902,2860
TOF,3,2455,2664,2743,2843,2854,2804,2921,2898,2864
TOF,3,2448,2664,2732,2838,2856,2795,2929,2897,2863
TOF,3,2466,2660,2723,2834,2851,2791,2922,2896,2871
TOF,3,2450,2674,2740,2819,2855,2813,2917,2903,2861
TOF,3,2492,2659,2742,2837,2865,2803,2920,2908,2863
TOF,3,2437,2677,2755,2823,2857,2797,2928,2896,2858
TOF,3,2454,2661,2726,2838,2855,2811,2927,2893,2868
TOF,3,2446,2640,2728,2835,2851,2795,2910,2897,2871
TOF,3,2446,2678,2737,2842,2855,2809,2921,2894,2868
TOF,3,2450,2667,2707,2854,2849,2803,2922,2899,2851
TOF,3,2379,2649,2727,2832,2854,2817,2923,2903,2862
TOF,3,2380,2651,2718,2840,2858,2806,2921,2906,2865
TOF,3,2442,2633,2710,2827,2850,2795,2912,2902,2866
TOF,3,2478,2651,2736,2841,2854,2792,2913,2902,2860
TOF,3,2434,2707,2733,2841,2852,2804,2928,2902,2868
TOF,3,2374,2700,2749,2828,2856,2813,2919,2895,2853
TOF,3,2345,2707,2726,2842,2851,2801,2918,2896,2861
TOF,3,2352,2641,2728,2821,2847,2797,2907,2894,2861
TOF,3,2418,2661,2746,2832,2845,2802,2919,2894,2868
TOF,3,2442,2661,2742,2824,2854,2806,2916,2896,2864
TOF,3,2463,2654,2733,2844,2851,2815,2922,2896,2862
TOF,3,2472,2647,2728,2826,2856,2803,2922,2896,2857
TOF,3,2397,2648,2701,2827,2857,2811,2924,2891,2867
TOF,3,2321,2668,2693,2857,2857,2787,2928,2905,2855
TOF,3,2362,2671,2698,2855,2855,2790,2953,2915,2841
TOF,3,2350,2659,2661,2868,2857,2784,2971,2894,2831
TOF,3,2315,2601,2700,2895,2857,2770,2969,2905,2825
TOF,3,2226,2595,2702,2895,2857,2766,2995,2910,2808
TOF,3,2228,2640,2674,2897,2858,2773,2972,2911,2809
TOF,3,2258,2558,2651,2927,2854,2768,2983,2912,2816
TOF,3,2271,2543,2682,2938,2863,2769,2995,2907,2809
TOF,3,2268,2615,2694,2918,2866,2761,3000,2899,2800
TOF,3,2231,2595,2686,2912,2863,2767,2976,2914,2815
TOF,3,2322,2612,2677,2894,2866,2771,2979,2905,2808
TOF,3,2226,2609,2685,2888,2859,2771,2997,2906,2810
TOF,3,2285,2634,2693,2887,2864,2769,2977,2902,2804
TOF,3,2277,2634,2676,2878,2864,2763,2971,2913,2823
TOF,3,2251,2616,2666,2903,2866,2767,2972,2906,2812
TOF,3,2238,2606,2699,2880,2859,2768,2975,2911,2805
TOF,3,2240,2612,2658,2917,2861,2772,2969,2905,2815
TOF,3,2294,2607,2656,2923,2858,2759,2978,2910,2812
TOF,3,2280,2580,2681,2932,2862,2760,2977,2906,2807
TOF,3,2252,2588,2687,2911,2863,2772,3002,2898,2813
TOF,3,2262,2624,2678,2906,2864,2773,2989,2895,2813
TOF,3,2202,2617,2680,2916,2859,2763,2985,2908,2809
TOF,3,2207,2599,2653,2913,2867,2773,3002,2905,2801
TOF,3,2210,2625,2655,2921,2858,2773,2965,2911,2810
TOF,3,2254,2638,2651,2923,2860,2769,2990,2908,2816
TOF,3,2263,2607,2677,2917,2865,2777,2967,2903,2814
TOF,3,2255,2610,2659,2934,2856,2758,2975,2904,2802
TOF,3,2270,2610,2680,2922,2859,2768,2975,2905,2809
TOF,3,2249,2535,2669,2874,2858,2760,2989,2909,2808
TOF,3,2216,2636,2657,2911,2868,2772,2967,2909,2812
TOF,3,2255,2595,2657,2922,2864,2771,2988,2911,2803
TOF,3,2270,2611,2680,2907,2863,2769,2957,2904,2809
TOF,3,2283,2625,2661,2880,2866,2775,2964,2900,2817
TOF,3,2313,2584,2676,2910,2859,2771,2964,2905,2816
TOF,3,2332,2583,2687,2902,2858,2767,3000,2911,2810
TOF,3,2268,2613,2660,2900,2862,2768,2973,2908,2815
TOF,3,2251,2590,2677,2925,2859,2776,2977,2903,2818
TOF,3,2366,2604,2681,2914,2864,2767,2972,2913,2818
TOF,3,2269,2590,2684,2906,2864,2778,2968,2909,2813
TOF,3,2280,2594,2667,2899,2863,2767,2984,2899,2816
TOF,3,2307,2629,2679,2918,2869,2766,2969,2898,2811
[0;32mI (62798) TOF_VL53L8CX: Virtual grid size: 4x4 (20s)[0m
TOF,4,2279,2546,2736,2657,2878,2850,2829,2724,2983,2918,2840,2786,2980,2928,2857,2812
TOF,4,2312,2581,2725,2677,2877,2858,2829,2735,2950,2907,2846,2777,2979,2929,2868,2824
TOF,4,2303,2549,2726,2647,2888,2836,2830,2731,2998,2907,2846,2789,2977,2927,2861,2806
TOF,4,2354,2553,2708,2659,2857,2841,2831,2730,2972,2911,2839,2790,3034,2925,2858,2807
TOF,4,2299,2532,2736,2647,2848,2823,2816,2736,2974,2911,2844,2781,2969,2940,2863,2805
TOF,4,2290,2542,2740,2659,2843,2858,2840,2723,2974,2913,2839,2785,2988,2920,2861,2800
TOF,4,2334,2551,2734,2628,2869,2845,2834,2713,2983,2907,2845,2784,2992,2932,2861,2811
TOF,4,2267,2550,2723,2661,2853,2846,2823,2753,2970,2913,2842,2776,2979,2924,2860,2817
TOF,4,2261,2562,2727,2671,2884,2842,2826,2739,2984,2910,2847,2773,2971,2922,2854,2813
TOF,4,2324,2560,2710,2673,2865,2825,2831,2738,2970,2914,2847,2777,2995,2937,2863,2808
TOF,4,2254,2569,2695,2662,2886,2838,2826,2736,2965,2899,2847,2764,2955,2936,2871,2794
TOF,4,2306,2554,2740,2633,2877,2839,2822,2736,2966,2919,2833,2781,2981,2933,2855,2812
TOF,4,2332,2548,2708,2686,2874,2844,2828,2728,2980,2908,2843,2774,2954,2925,2861,2807
TOF,4,2352,2544,2727,2635,2860,2859,2832,2725,2963,2899,2824,2782,2995,2925,2861,2808
TOF,4,2281,2589,2716,2652,2884,2845,2828,2728,2953,2908,2842,2784,2985,2930,2865,2817
TOF,4,2245,2533,2713,2659,2878,2858,2828,2735,2972,2914,2847,2791,2982,2927,2865,2818
TOF,4,2251,2563,2722,2685,2892,2854,2829,2724,2964,2904,2849,2781,2986,2912,2863,2807
TOF,4,2259,2595,2654,2698,2839,2846,2827,2741,2983,2913,2838,2780,2991,2921,2869,2810
TOF,4,2333,2586,2721,2661,2864,2854,2838,2728,2981,2904,2835,2788,2995,2926,2867,2817
TOF,4,2286,2545,2708,2651,2875,2847,2829,2748,2973,2904,2841,2779,2997,2922,2852,2805
TOF,4,2356,2577,2723,2637,2865,2847,2831,2732,2964,2898,2836,2784,2976,2939,2854,2812
TOF,4,2344,2539,2725,2650,2882,2844,2831,2723,2992,2921,2838,2773,2966,2923,2869,2805
TOF,4,2250,2539,2710,2648,2904,2846,2841,2731,2986,2911,2844,2787,2999,2925,2860,2803
TOF,4,2251,2540,2725,2678,2880,2853,2828,2726,2977,2911,2847,2787,2998,2931,2866,2799
TOF,4,2212,2581,2707,2662,2877,2837,2822,2730,2987,2906,2857,2777,2985,2923,2860,2802
TOF,4,2238,2596,2654,2662,2856,2838,2829,2745,2973,2909,2849,2775,2988,2933,2870,2813
TOF,4,2384,2585,2737,2665,2829,2850,2829,2742,2978,2911,2838,2769,2966,2923,2863,2818
TOF,4,2298,2595,2690,2639,2866,2841,2818,2753,2988,2905,2839,2780,2985,2922,2857,2813
TOF,4,2308,2606,2737,2667,2841,2835,2826,2762,2977,2911,2833,2786,2977,2925,2866,2816
TOF,4,2347,2577,2734,2642,2859,2846,2827,2742,2975,2913,2847,2774,3003,2951,2865,2814
TOF,4,2342,2594,2686,2650,2884,2853,2830,2710,2981,2911,2837,2769,2976,2918,2853,2812
TOF,4,2345,2575,2718,2680,2886,2865,2821,2728,2970,2910,2851,2778,2983,2939,2861,2797
TOF,4,2333,2565,2723,2674,2891,2840,2827,2732,2972,2904,2839,2778,2966,2922,2854,2821
TOF,4,2256,2551,2718,2669,2879,2841,2824,2734,2968,2907,2834,2783,2976,2927,2866,2815
TOF,4,2265,2555,2720,2646,2876,2836,2830,2731,2971,2909,2849,2770,2970,2928,2858,2813
TOF,4,2231,2566,2732,2637,2868,2847,2838,2725,2960,2896,2848,2782,2990,2926,2862,2801
TOF,4,2301,2521,2721,2692,2887,2835,2836,2730,2993,2907,2840,2784,2979,2919,2845,2812
TOF,4,2237,2586,2667,2665,2875,2837,2825,2728,2974,2921,2843,2793,2997,2937,2858,2814
TOF,4,2349,2576,2724,2642,2835,2849,2835,2737,2962,2913,2839,2784,2995,2928,2860,2833
TOF,4,2267,2570,2750,2663,2872,2857,2824,2730,2972,2909,2844,2784,2945,2933,2863,2811
TOF,4,2281,2556,2684,2664,2896,2854,2837,2723,2994,2900,2835,2780,2975,2932,2859,2808
TOF,4,2310,2572,2710,2645,2876,2860,2822,2757,2944,2904,2846,2773,2982,2915,2856,2818
TOF,4,2298,2557,2686,2657,2883,2843,2824,2717,2996,2913,2846,2776,3001,2932,2854,2808
TOF,4,2296,2553,2747,2672,2868,2847,2818,2727,2960,2917,2852,2782,2952,2937,2858,2821
TOF,4,2279,2555,2690,2652,2844,2849,2827,2743,2988,2913,2847,2785,2938,2934,2864,2803
TOF,4,2355,2571,2721,2649,2877,2837,2835,2752,2972,2912,2834,2799,2982,2940,2856,2826
TOF,4,2291,2572,2712,2646,2885,2850,2828,2744,2965,2910,2839,2773,2947,2933,2863,2816
TOF,4,2265,2580,2729,2627,2835,2846,2828,2729,2967,2905,2848,2782,2981,2921,2873,2813
TOF,4,2277,2568,2717,2661,2873,2839,2833,2743,2977,2908,2835,2785,2972,2925,2863,2809
TOF,4,2359,2558,2733,2660,2902,2849,2831,2719,2969,2907,2839,2777,2999,2914,2859,2811
TOF,4,2266,2545,2703,2646,2886,2845,2829,2725,2959,2904,2843,2785,2975,2933,2859,2816
TOF,4,2292,2572,2700,2632,2884,2856,2827,2742,2983,2908,2847,2789,2980,2917,2865,2820
TOF,4,2354,2556,2722,2658,2872,2860,2836,2720,2981,2913,2846,2769,3005,2931,2862,2817
TOF,4,2291,2550,2731,2669,2861,2855,2825,2728,2985,2899,2837,2786,2996,2925,2860,2803
TOF,4,2308,2547,2704,2647,2865,2851,2832,2739,2961,2920,2840,2778,2988,2935,2861,2814
TOF,4,2379,2589,2716,2637,2855,2856,2837,2757,2979,2899,2843,2787,2967,2939,2855,2806
TOF,4,2353,2598,2716,2658,2854,2843,2837,2759,2973,2911,2856,2786,3007,2934,2861,2802
TOF,4,2359,2574,2726,2679,2851,2858,2823,2747,2991,2906,2855,2776,2984,2918,2860,2803
TOF,4,2277,2604,2714,2664,2881,2844,2820,2734,2958,2901,2843,2782,2981,2941,2870,2809
TOF,4,2292,2571,2732,2664,2880,2844,2835,2741,2972,2920,2847,2784,2980,2922,2857,2813
TOF,4,2279,2579,2724,2658,2855,2852,2828,2744,2979,2913,2842,2779,2966,2918,2876,2808
TOF,4,2312,2565,2726,2640,2843,2832,2839,2732,2973,2908,2843,2790,2982,2930,2859,2818
TOF,4,2339,2544,2741,2639,2870,2846,2832,2742,2976,2911,2837,2782,2989,2938,2863,2806
TOF,4,2262,2550,2739,2646,2844,2836,2833,2711,2991,2916,2834,2785,2995,2937,2861,2806
TOF,4,2354,2549,2726,2625,2870,2850,2824,2736,2983,2913,2840,2782,2977,2933,2859,2817
TOF,4,2262,2550,2715,2653,2885,2833,2828,2741,2964,2916,2833,2773,2966,2927,2866,2824
TOF,4,2253,2568,2728,2654,2870,2836,2823,2736,2972,2907,2855,2772,2969,2919,2860,2819
TOF,4,2303,2562,2732,2658,2869,2846,2840,2733,2951,2899,2849,2767,2977,2926,2852,2796
TOF,4,2250,2570,2716,2669,2862,2837,2825,2733,2996,2906,2841,2774,2969,2930,2865,2800
TOF,4,2324,2564,2679,2643,2902,2857,2828,2719,2985,2906,2846,2784,2979,2923,2864,2808
TOF,4,2395,2570,2714,2656,2851,2863,2845,2743,2971,2918,2852,2772,2998,2934,2863,2821
TOF,4,2339,2530,2684,2643,2889,2837,2834,2733,2957,2911,2851,2786,3008,2928,2858,2815
TOF,4,2318,2531,2706,2648,2865,2865,2817,2727,2977,2917,2844,2780,2969,2927,2872,2811
TOF,4,2334,2573,2706,2663,2858,2853,2831,2734,2957,2906,2845,2784,2992,2938,2860,2818
TOF,4,2351,2560,2696,2656,2873,2844,2818,2735,2964,2916,2842,2782,2976,2933,2864,2815
TOF,4,2310,2557,2731,2636,2879,2854,2822,2731,2966,2911,2841,2776,2964,2923,2865,2815
TOF,4,2314,2550,2711,2663,2876,2842,2831,2719,2962,2914,2847,2778,2982,2930,2858,2806
TOF,4,2271,2561,2677,2670,2867,2848,2838,2707,2964,2915,2841,2776,2995,2933,2854,2811
TOF,4,2331,2560,2636,2638,2868,2842,2836,2728,2966,2902,2851,2782,2971,2926,2874,2811
TOF,4,2289,2569,2698,2636,2839,2844,2837,2722,2982,2914,2834,2780,2971,2937,2847,2813
TOF,4,2314,2571,2728,2658,2863,2841,2829,2728,2963,2909,2841,2778,2984,2926,2861,2819
TOF,4,2255,2587,2731,2647,2869,2844,2836,2727,2997,2912,2848,2774,3006,2928,2860,2808
TOF,4,2317,2572,2695,2653,2873,2835,2830,2732,2962,2907,2847,2780,3006,2924,2859,2808
TOF,4,2301,2556,2711,2678,2853,2849,2839,2701,2965,2903,2860,2776,2995,2934,2859,2799
TOF,4,2330,2582,2663,2659,2865,2848,2830,2731,2961,2908,2843,2779,2986,2927,2862,2813
TOF,4,2278,2592,2701,2657,2875,2841,2827,2761,2977,2910,2842,2783,2999,2923,2859,2804
TOF,4,2256,2536,2719,2646,2860,2859,2834,2727,2953,2920,2852,2787,3012,2932,2857,2813
TOF,4,2234,2574,2711,2627,2875,2847,2825,2730,2974,2910,2849,2791,2985,2939,2854,2802
TOF,4,2254,2574,2702,2640,2877,2864,2825,2716,2988,2903,2845,2777,2961,2926,2861,2808
TOF,4,2225,2574,2711,2652,2852,2833,2838,2731,2981,2908,2834,2777,2984,2914,2861,2817
TOF,4,2283,2561,2710,2686,2867,2850,2833,2731,2969,2910,2847,2781,2982,2921,2866,2816
TOF,4,2267,2561,2711,2676,2835,2849,2828,2737,2970,2910,2840,2780,2974,2931,2867,2816
TOF,4,2311,2564,2734,2651,2863,2849,2822,2734,2981,2903,2833,2781,2982,2922,2864,2803
TOF,4,2268,2546,2709,2640,2858,2839,2827,2741,2991,2909,2834,2781,2991,2934,2860,2805
TOF,4,2244,2598,2703,2635,2877,2850,2831,2717,2966,2905,2847,2775,2993,2932,2855,2804
TOF,4,2371,2555,2726,2661,2862,2830,2834,2732,2979,2911,2847,2787,2975,2940,2851,2811
TOF,4,2394,2566,2700,2658,2863,2858,2817,2754,2975,2905,2843,2782,3001,2929,2871,2808
TOF,4,2380,2542,2724,2661,2879,2837,2830,2734,2974,2900,2843,2792,3000,2941,2868,2808
TOF,4,2386,2531,2700,2648,2862,2841,2832,2732,2979,2904,2843,2775,2981,2930,2866,2814
TOF,4,2362,2524,2724,2675,2839,2832,2829,2743,2957,2912,2843,2783,2996,2923,2856,2809
TOF,4,2365,2557,2734,2689,2872,2850,2824,2734,2987,2908,2848,2781,2981,2932,2861,2814
TOF,4,2380,2568,2741,2667,2883,2849,2823,2715,2964,2907,2851,2774,2989,2930,2862,2808
TOF,4,2295,2569,2761,2657,2893,2851,2835,2742,2982,2910,2833,2773,2988,2922,2863,2805
TOF,4,2312,2526,2723,2654,2844,2841,2824,2730,2992,2903,2848,2768,3014,2928,2861,2817
TOF,4,2284,2562,2707,2650,2861,2849,2827,2742,2972,2902,2838,2779,2964,2934,2854,2821
TOF,4,2336,2570,2741,2679,2833,2842,2826,2745,2968,2890,2844,2797,2977,2924,2868,2812
TOF,4,2276,2576,2701,2655,2823,2844,2827,2734,2977,2914,2848,2781,2967,2924,2850,2803
TOF,4,2390,2565,2707,2671,2864,2847,2845,2725,2976,2912,2845,2787,2973,2930,2857,2814
TOF,4,2294,2565,2734,2639,2881,2835,2832,2725,2968,2909,2838,2774,2971,2916,2856,2819
TOF,4,2292,2565,2711,2644,2882,2846,2823,2727,2980,2900,2847,2785,3003,2913,2862,2809
TOF,4,2278,2603,2642,2665,2868,2848,2827,2739,2975,2911,2844,2781,2972,2929,2868,2803
TOF,4,2316,2586,2736,2649,2879,2852,2824,2756,2984,2900,2838,2787,2968,2915,2864,2809
TOF,4,2315,2545,2733,2661,2866,2840,2836,2721,2964,2903,2835,2776,2978,2920,2863,2803
TOF,4,2389,2566,2690,2645,2833,2855,2822,2741,2959,2908,2833,2779,2986,2924,2846,2813
TOF,4,2280,2584,2707,2667,2860,2847,2833,2729,2960,2918,2843,2776,2974,2938,2876,2821
TOF,4,2361,2539,2741,2647,2861,2845,2827,2754,2969,2917,2834,2785,2961,2932,2855,2809
TOF,4,2309,2570,2728,2668,2862,2845,2831,2736,2983,2908,2843,2779,2989,2926,2859,2806
TOF,4,2364,2562,2712,2684,2861,2851,2836,2722,2974,2908,2845,2780,2936,2928,2869,2814
TOF,4,2266,2555,2721,2686,2875,2853,2832,2756,2990,2917,2834,2774,2976,2943,2873,2817
TOF,4,2308,2545,2716,2630,2864,2860,2839,2738,2967,2917,2841,2774,3009,2924,2863,2801
TOF,4,2280,2556,2700,2654,2868,2844,2838,2720,2972,2903,2839,2774,2961,2923,2868,2801
TOF,4,2349,2572,2712,2633,2876,2841,2818,2734,2987,2907,2845,2785,2968,2923,2848,2815
TOF,4,2356,2541,2718,2640,2851,2841,2825,2711,2982,2908,2849,2772,2985,2925,2865,2792
TOF,4,2323,2548,2723,2635,2852,2846,2830,2734,2983,2906,2842,2776,2984,2926,2855,2819
TOF,4,2338,2572,2715,2662,2843,2851,2822,2719,2980,2915,2842,2779,2976,2938,2865,2817
TOF,4,2249,2603,2695,2634,2862,2853,2824,2745,2978,2906,2834,2775,3001,2931,2861,2802
TOF,4,2238,2570,2729,2658,2879,2854,2825,2742,2964,2898,2837,2779,2979,2926,2869,2810
TOF,4,2313,2556,2697,2659,2883,2840,2831,2722,2975,2909,2831,2781,2971,2921,2859,2818
TOF,4,2333,2539,2689,2652,2885,2852,2830,2717,2978,2899,2846,2786,2998,2930,2856,2817
TOF,4,2325,2563,2725,2637,2870,2863,2817,2727,2966,2901,2840,2787,2999,2922,2864,2795
TOF,4,2294,2606,2713,2652,2849,2850,2834,2745,2965,2912,2838,2793,2975,2925,2854,2806
TOF,4,2262,2536,2713,2660,2838,2844,2829,2721,2965,2904,2846,2768,2983,2925,2856,2809
TOF,4,2260,2547,2707,2681,2846,2843,2823,2730,2983,2907,2839,2782,2991,2925,2870,2818
TOF,4,2312,2559,2729,2638,2889,2855,2831,2728,2988,2912,2853,2775,2958,2918,2865,2821
TOF,4,2256,2607,2739,2646,2879,2850,2833,2711,2975,2908,2840,2779,2977,2929,2852,2811
TOF,4,2331,2550,2712,2647,2871,2849,2819,2714,2978,2903,2843,2779,2973,2922,2853,2803
TOF,4,2296,2573,2710,2700,2874,2843,2836,2739,2969,2911,2845,2781,2997,2931,2863,2816
TOF,4,2257,2559,2735,2670,2864,2845,2822,2720,2960,2909,2842,2771,2989,2927,2866,2810
TOF,4,2280,2550,2712,2673,2833,2838,2830,2727,2967,2908,2836,2780,2985,2930,2871,2812
TOF,4,2250,2556,2706,2666,2881,2844,2820,2739,2950,2910,2843,2778,2984,2934,2852,2808
TOF,4,2260,2585,2712,2656,2843,2856,2840,2738,2965,2916,2839,2779,3004,2928,2865,2813
TOF,4,2280,2561,2723,2705,2873,2849,2825,2744,2970,2916,2851,2777,2982,2921,2861,2801
TOF,4,2299,2557,2704,2644,2863,2848,2825,2741,2981,2910,2852,2784,2998,2924,2862,2811
TOF,4,2273,2590,2714,2680,2844,2830,2824,2735,2957,2915,2857,2783,2956,2916,2859,2804
TOF,4,2252,2579,2685,2650,2874,2839,2827,2712,2970,2913,2846,2779,2960,2936,2859,2818
TOF,4,2277,2558,2724,2668,2836,2845,2834,2723,2984,2909,2846,2793,2974,2919,2864,2791
TOF,4,2349,2528,2710,2652,2873,2846,2832,2731,2970,2918,2849,2775,2979,2935,2851,2802
TOF,4,2357,2565,2717,2630,2858,2829,2837,2722,2954,2906,2850,2777,2980,2930,2871,2815
TOF,4,2262,2565,2718,2662,2854,2846,2830,2736,2970,2914,2847,2791,2967,2932,2847,2806
TOF,4,2276,2531,2704,2644,2873,2849,2809,2709,2966,2911,2848,2793,2982,2926,2861,2814
TOF,4,2262,2558,2704,2650,2879,2840,2828,2734,2982,2905,2843,2772,2997,2934,2859,2813
TOF,4,2259,2535,2702,2711,2875,2850,2822,2721,2974,2919,2837,2793,2993,2918,2863,2805
TOF,4,2254,2552,2704,2692,2846,2859,2821,2729,2984,2903,2855,2777,2975,2933,2870,2807
TOF,4,2343,2567,2727,2649,2865,2839,2839,2722,2959,2917,2835,2771,2979,2928,2856,2826
TOF,4,2329,2546,2716,2686,2880,2844,2828,2710,2974,2909,2848,2776,2975,2921,2859,2805
TOF,4,2383,2574,2681,2659,2911,2843,2823,2734,2976,2911,2830,2783,2972,2935,2860,2810
TOF,4,2332,2564,2731,2651,2865,2845,2827,2737,2970,2910,2844,2784,3000,2931,2869,2798
TOF,4,2337,2546,2740,2674,2871,2848,2833,2716,2985,2906,2840,2781,2977,2935,2860,2818
TOF,4,2316,2534,2689,2670,2870,2855,2823,2731,2980,2896,2839,2778,2993,2931,2868,2821
TOF,4,2267,2527,2731,2642,2825,2865,2825,2739,2979,2906,2842,2782,2984,2922,2856,2811
TOF,4,2300,2571,2661,2672,2849,2848,2829,2740,2981,2917,2843,2769,3004,2917,2859,2819
TOF,4,2310,2575,2719,2656,2872,2862,2838,2728,2977,2909,2842,2793,2976,2911,2863,2811
TOF,4,2329,2584,2699,2641,2873,2857,2826,2741,2983,2910,2841,2783,2990,2918,2858,2810
TOF,4,2255,2569,2709,2644,2847,2860,2830,2743,2976,2907,2840,2771,2975,2926,2862,2825
TOF,4,2245,2548,2701,2661,2852,2858,2835,2745,2976,2918,2844,2785,2990,2919,2853,2810
TOF,4,2275,2594,2736,2646,2812,2842,2833,2731,2985,2914,2841,2774,2980,2928,2863,2800
TOF,4,2249,2589,2704,2667,2889,2853,2826,2732,2977,2915,2845,2785,2998,2923,2862,2805
TOF,4,2257,2601,2719,2657,2884,2859,2831,2732,2945,2908,2835,2785,2971,2926,2859,2814
TOF,4,2350,2566,2740,2661,2860,2842,2841,2734,2971,2903,2833,2788,2972,2927,2859,2803
TOF,4,2400,2572,2704,2648,2885,2828,2826,2725,2972,2906,2839,2792,2986,2918,2854,2811
TOF,4,2401,2553,2714,2632,2877,2851,2828,2721,2975,2914,2850,2778,2993,2929,2861,2807
TOF,4,2293,2579,2746,2638,2819,2845,2834,2745,2969,2902,2846,2789,2964,2930,2867,2819
TOF,4,2246,2570,2710,2654,2864,2847,2827,2755,2976,2903,2846,2773,2977,2935,2865,2800
TOF,4,2368,2572,2715,2640,2850,2842,2824,2735,2953,2902,2841,2785,2953,2921,2858,2813
TOF,4,2354,2552,2675,2656,2876,2856,2830,2730,2963,2912,2843,2784,2993,2924,2866,2802
TOF,4,2314,2551,2737,2669,2831,2840,2835,2731,2977,2908,2853,2777,2950,2923,2863,2810
TOF,4,2360,2571,2718,2663,2842,2843,2829,2727,2977,2903,2838,2779,2973,2935,2876,2806
TOF,4,2258,2575,2729,2648,2870,2845,2837,2753,2970,2914,2841,2774,2989,2936,2863,2814
TOF,4,2240,2587,2675,2647,2887,2819,2833,2749,2976,2916,2845,2777,2975,2943,2858,2806
TOF,4,2241,2564,2706,2650,2867,2847,2828,2734,2972,2913,2839,2777,2981,2926,2861,2810
TOF,4,2223,2582,2668,2648,2885,2839,2842,2719,2976,2919,2851,2772,2960,2940,2859,2798
TOF,4,2227,2553,2677,2652,2863,2844,2831,2744,2973,2910,2845,2775,3002,2929,2865,2802
TOF,4,2226,2588,2641,2646,2878,2823,2835,2721,2994,2915,2850,2770,2988,2942,2859,2791
TOF,4,2241,2627,2625,2646,2825,2830,2831,2728,2997,2910,2840,2772,2960,2932,2856,2788
TOF,4,2238,2579,2611,2621,2851,2836,2829,2743,2999,2912,2842,2759,3009,2949,2857,2790
TOF,4,2221,2604,2625,2662,2821,2844,2833,2749,2988,2921,2849,2763,3020,2934,2850,2785
TOF,4,2210,2575,2616,2648,2829,2828,2838,2732,2983,2921,2833,2763,3044,2936,2863,2806
TOF,4,2221,2581,2613,2625,2894,2831,2826,2733,3015,2927,2841,2773,2997,2932,2848,2791
TOF,4,2172,2591,2637,2653,2886,2839,2828,2752,2974,2906,2849,2768,3003,2941,2848,2786
TOF,4,2212,2599,2617,2658,2871,2825,2833,2742,2972,2914,2841,2764,2990,2931,2862,2791
TOF,4,2248,2597,2706,2660,2860,2823,2831,2735,3004,2917,2839,2773,2991,2927,2861,2793
TOF,4,2237,2539,2708,2660,2895,2834,2834,2734,2984,2917,2828,2769,2969,2942,2865,2803
TOF,4,2380,2631,2710,2678,2852,2853,2830,2734,2963,2906,2844,2802,2994,2933,2891,2847
TOF,4,2435,2611,2703,2678,2845,2869,2816,2726,2959,2896,2842,2795,2968,2938,2886,2861
TOF,4,2493,2644,2725,2696,2870,2869,2829,2744,2946,2897,2855,2807,2994,2932,2896,2857
TOF,4,2452,2625,2739,2668,2820,2847,2824,2765,2941,2902,2858,2799,2956,2931,2887,2858
TOF,4,2451,2647,2703,2679,2828,2845,2834,2749,2951,2898,2858,2814,2992,2928,2892,2856
TOF,4,2417,2660,2703,2678,2822,2852,2825,2756,2947,2897,2851,2815,2974,2946,2888,2873
TOF,4,2436,2614,2712,2696,2830,2868,2821,2743,2949,2907,2856,2807,2929,2938,2884,2872
TOF,4,2458,2635,2715,2696,2838,2856,2820,2753,2935,2897,2854,2820,2987,2941,2878,2868
TOF,4,2491,2610,2702,2691,2831,2870,2824,2746,2951,2898,2853,2798,3012,2929,2891,2873
TOF,4,2413,2601,2706,2699,2823,2854,2835,2756,2946,2900,2845,2807,2924,2926,2893,2859
TOF,4,2455,2618,2711,2681,2821,2864,2829,2733,2950,2892,2854,2813,2963,2938,2895,2866
TOF,4,2478,2621,2713,2690,2829,2852,2822,2740,2947,2885,2853,2797,2960,2936,2885,2859
TOF,4,2466,2598,2709,2680,2804,2865,2824,2740,2956,2898,2856,2804,2992,2940,2885,2868
TOF,4,2434,2598,2722,2687,2833,2864,2824,2750,2938,2898,2852,2808,2945,2931,2890,2866
TOF,4,2496,2637,2699,2688,2822,2865,2818,2745,2952,2907,2845,2811,2935,2937,2887,2857
TOF,4,2459,2620,2692,2697,2811,2852,2825,2759,2956,2902,2855,2805,2964,2939,2889,2852
TOF,4,2450,2626,2734,2698,2809,2864,2824,2759,2959,2902,2850,2790,2987,2938,2897,2867
TOF,4,2424,2605,2722,2691,2848,2847,2823,2744,2938,2897,2848,2792,2998,2924,2890,2863
TOF,4,2443,2602,2705,2691,2827,2846,2825,2751,2962,2906,2853,2807,2948,2935,2889,2846
TOF,4,2389,2632,2737,2661,2830,2874,2822,2740,2950,2904,2849,2805,3001,2924,2880,2858
TOF,4,2444,2637,2725,2680,2833,2847,2840,2735,2949,2904,2852,2797,2993,2935,2877,2855
TOF,4,2426,2620,2731,2686,2827,2854,2821,2758,2947,2903,2844,2806,2999,2934,2881,2849
TOF,4,2429,2638,2740,2687,2802,2849,2830,2742,2965,2901,2850,2792,2996,2946,2886,2848
TOF,4,2435,2623,2736,2692,2838,2863,2829,2754,2950,2902,2860,2805,2978,2939,2880,2850
TOF,4,2445,2594,2710,2691,2826,2862,2828,2730,2953,2909,2856,2809,2955,2934,2878,2856
TOF,4,2431,2622,2741,2665,2840,2846,2830,2735,2955,2896,2856,2809,2971,2943,2886,2855
TOF,4,2413,2603,2717,2694,2813,2860,2828,2744,2955,2893,2850,2808,3019,2949,2895,2852
TOF,4,2414,2628,2707,2663,2825,2841,2831,2756,2951,2906,2852,2812,2978,2916,2879,2857
TOF,4,2416,2621,2740,2682,2849,2871,2828,2752,2942,2907,2855,2818,2962,2937,2892,2861
TOF,4,2426,2613,2715,2697,2830,2858,2814,2743,2971,2907,2859,2803,2977,2918,2879,2859
TOF,4,2444,2610,2717,2683,2846,2868,2834,2740,2943,2904,2847,2810,2982,2937,2888,2854
TOF,4,2377,2607,2698,2685,2839,2879,2833,2733,2943,2895,2846,2799,2992,2931,2891,2847
TOF,4,2411,2617,2706,2687,2829,2862,2829,2740,2953,2906,2856,2806,2997,2938,2879,2863
TOF,4,2385,2592,2695,2711,2829,2866,2828,2736,2936,2895,2865,2794,2957,2938,2891,2845
TOF,4,2403,2618,2704,2691,2838,2855,2820,2745,2952,2893,2858,2818,2997,2941,2884,2848
TOF,4,2410,2594,2723,2684,2837,2855,2830,2746,2951,2903,2844,2822,2988,2936,2888,2855
TOF,4,2398,2624,2738,2678,2826,2843,2831,2733,2960,2896,2851,2795,2990,2940,2883,2844
TOF,4,2398,2599,2711,2685,2838,2861,2818,2750,2950,2901,2852,2810,2993,2939,2891,2841
TOF,4,2404,2610,2736,2673,2864,2844,2832,2750,2953,2900,2853,2796,2972,2944,2891,2849
TOF,4,2456,2619,2697,2701,2827,2871,2833,2744,2936,2902,2848,2794,3004,2934,2882,2846
TOF,4,2387,2606,2713,2693,2825,2868,2824,2746,2964,2898,2848,2796,2984,2932,2886,2851
TOF,4,2454,2567,2699,2678,2819,2867,2828,2762,2936,2898,2847,2800,2995,2937,2885,2846
TOF,4,2458,2608,2712,2695,2835,2868,2830,2758,2956,2892,2856,2806,2971,2922,2878,2847
TOF,4,2415,2621,2714,2692,2837,2852,2833,2737,2939,2900,2844,2806,2955,2935,2883,2846
TOF,4,2404,2646,2712,2694,2842,2866,2818,2745,2951,2905,2856,2796,2961,2927,2886,2841
TOF,4,2365,2619,2705,2666,2829,2848,2824,2755,2961,2909,2846,2799,2960,2932,2877,2839
TOF,4,2388,2644,2691,2683,2825,2869,2828,2725,2949,2901,2851,2795,2983,2927,2890,2843
TOF,4,2462,2650,2709,2675,2840,2857,2831,2736,2957,2898,2853,2795,3017,2940,2875,2852
TOF,4,2397,2627,2717,2688,2856,2852,2830,2765,2966,2906,2854,2801,2965,2920,2887,2854
TOF,4,2396,2630,2730,2696,2861,2871,2820,2753,2950,2890,2856,2804,2973,2944,2883,2844
TOF,4,2438,2620,2729,2689,2841,2859,2820,2757,2956,2907,2856,2797,2988,2931,2885,2835
TOF,4,2379,2613,2723,2676,2812,2865,2828,2732,2952,2898,2859,2803,2989,2936,2892,2838
TOF,4,2400,2637,2729,2675,2846,2858,2826,2742,2958,2901,2848,2803,3000,2941,2887,2837
TOF,4,2395,2601,2701,2702,2850,2870,2828,2741,2958,2895,2849,2789,2936,2936,2884,2856
TOF,4,2398,2642,2701,2682,2848,2853,2827,2719,2964,2906,2855,2793,2999,2927,2880,2847
TOF,4,2363,2604,2708,2671,2806,2861,2822,2739,2966,2896,2845,2804,2989,2928,2895,2839
TOF,4,2455,2638,2699,2676,2801,2855,2830,2734,2956,2904,2860,2792,2987,2947,2883,2842
TOF,4,2436,2655,2708,2717,2821,2848,2829,2758,2966,2902,2847,2810,2984,2929,2889,2840
TOF,4,2447,2630,2724,2693,2837,2849,2826,2742,2946,2907,2838,2810,2979,2926,2882,2843
TOF,4,2443,2600,2708,2682,2838,2846,2831,2758,2947,2914,2844,2799,2899,2922,2884,2848
TOF,4,2407,2640,2723,2670,2873,2852,2823,2780,2941,2910,2850,2802,2956,2934,2881,2840
TOF,4,2371,2614,2710,2669,2875,2852,2827,2739,2977,2904,2840,2814,2967,2939,2880,2845
TOF,4,2446,2614,2739,2663,2862,2862,2825,2731,2958,2907,2856,2798,2984,2942,2884,2845
TOF,4,2417,2595,2700,2679,2861,2874,2826,2727,2961,2893,2850,2805,2935,2934,2890,2838
TOF,4,2401,2618,2715,2672,2845,2853,2826,2735,2971,2902,2862,2800,2974,2934,2871,2852
TOF,4,2385,2584,2715,2707,2836,2864,2836,2758,2966,2897,2845,2796,2999,2932,2878,2855
TOF,4,2395,2612,2725,2688,2816,2854,2833,2734,2952,2900,2854,2785,3008,2922,2876,2859
TOF,4,2382,2592,2701,2662,2839,2846,2824,2726,2969,2907,2842,2791,2982,2933,2864,2842
TOF,4,2337,2643,2705,2674,2829,2856,2831,2733,2950,2914,2853,2793,2989,2939,2882,2828
TOF,4,2366,2554,2712,2670,2861,2843,2828,2730,2979,2907,2845,2782,2980,2928,2870,2831
TOF,4,2279,2613,2709,2671,2862,2850,2826,2732,2966,2916,2846,2790,2956,2940,2873,2825
TOF,4,2304,2606,2703,2706,2890,2872,2822,2733,2962,2912,2834,2781,3005,2917,2876,2812
TOF,4,2385,2557,2709,2668,2859,2854,2825,2731,2976,2898,2844,2795,2984,2928,2860,2826
TOF,4,2265,2536,2726,2649,2813,2847,2822,2740,2965,2903,2842,2787,2963,2931,2864,2819
TOF,4,2368,2611,2714,2680,2837,2830,2830,2734,2954,2906,2848,2785,2964,2925,2872,2821
TOF,4,2246,2554,2697,2670,2877,2850,2828,2723,2970,2899,2846,2776,2965,2922,2866,2830
TOF,4,2299,2540,2712,2662,2851,2853,2826,2741,2966,2913,2836,2783,2992,2933,2865,2806
