UsinESP-ROM:esp32s3-20210327
Build:Mar 27 2021
rst:0x15 (USB_UART_CHIP_RESET),boot:0x2b (SPI_FAST_FLASH_BOOT)
Saved PC:0x40048839
SPIWP:0xee
mode:DIO, clock div:1
load:0x3fce2810,len:0x1828
load:0x403c8700,len:0x4
load:0x403c8704,len:0xce8
load:0x403cb700,len:0x2eb8
entry 0x403c8918
[0;32mI (26) boot: ESP-IDF v5.3.4 2nd stage bootloader[0m
[0;32mI (27) boot: compile time Aug 18 2026 15:17:00[0m
[0;32mI (27) boot: Multicore bootloader[0m
[0;32mI (30) boot: chip revision: v0.2[0m
[0;32mI (34) boot: efuse block revision: v1.4[0m
[0;32mI (38) boot.esp32s3: Boot SPI Speed : 80MHz[0m
[0;32mI (43) boot.esp32s3: SPI Mode       : DIO[0m
[0;32mI (48) boot.esp32s3: SPI Flash Size : 2MB[0m
[0;32mI (52) boot: Enabling RNG early entropy source...[0m
[0;32mI (58) boot: Partition Table:[0m
[0;32mI (61) boot: ## Label            Usage          Type ST Offset   Length[0m
[0;32mI (69) boot:  0 nvs              WiFi data        01 02 00009000 00006000[0m
[0;32mI (76) boot:  1 phy_init         RF data          01 01 0000f000 00001000[0m
[0;32mI (84) boot:  2 factory          factory app      00 00 00010000 00100000[0m
[0;32mI (91) boot: End of partition table[0m
[0;32mI (95) esp_image: segment 0: paddr=00010020 vaddr=3c020020 size=21540h (136512) map[0m
[0;32mI (129) esp_image: segment 1: paddr=00031568 vaddr=3fc92c00 size=02acch ( 10956) load[0m
[0;32mI (131) esp_image: segment 2: paddr=0003403c vaddr=40374000 size=0bfdch ( 49116) load[0m
[0;32mI (146) esp_image: segment 3: paddr=00040020 vaddr=42000020 size=1d1d8h (119256) map[0m
[0;32mI (168) esp_image: segment 4: paddr=0005d200 vaddr=4037ffdc size=02b6ch ( 11116) load[0m
[0;32mI (176) boot: Loaded app from partition at offset 0x10000[0m
[0;32mI (177) boot: Disabling RNG early entropy source...[0m
[0;32mI (189) cpu_start: Multicore app[0m
[0;32mI (198) cpu_start: Pro cpu start user code[0m
[0;32mI (198) cpu_start: cpu freq: 160000000 Hz[0m
[0;32mI (198) app_init: Application information:[0m
[0;32mI (201) app_init: Project name:     tof_VL53L8CX[0m
[0;32mI (206) app_init: App version:      1[0m
[0;32mI (210) app_init: Compile time:     Aug 18 2026 15:16:50[0m
[0;32mI (216) app_init: ELF file SHA256:  6453650b0...[0m
[0;32mI (222) app_init: ESP-IDF:          v5.3.4[0m
[0;32mI (226) efuse_init: Min chip rev:     v0.0[0m
[0;32mI (231) efuse_init: Max chip rev:     v0.99 [0m
[0;32mI (236) efuse_init: Chip rev:         v0.2[0m
[0;32mI (241) heap_init: Initializing. RAM available for dynamic allocation:[0m
[0;32mI (248) heap_init: At 3FC96A98 len 00052C78 (331 KiB): RAM[0m
[0;32mI (254) heap_init: At 3FCE9710 len 00005724 (21 KiB): RAM[0m
[0;32mI (260) heap_init: At 3FCF0000 len 00008000 (32 KiB): DRAM[0m
[0;32mI (266) heap_init: At 600FE000 len 00001FE8 (7 KiB): RTCRAM[0m
[0;32mI (274) spi_flash: detected chip: gd[0m
[0;32mI (277) spi_flash: flash io: dio[0m
[0;33mW (281) spi_flash: Detected size(8192k) larger than the size in the binary image header(2048k). Using the size in the binary image header.[0m
[0;32mI (294) sleep: Configure to isolate all GPIO pins in sleep state[0m
[0;32mI (301) sleep: Enable automatic switching of GPIO sleep configuration[0m
[0;32mI (308) main_task: Started on CPU0[0m
[0;32mI (318) main_task: Calling app_main()[0m
[0;32mI (318) gpio: GPIO[4]| InputEn: 0| OutputEn: 1| OpenDrain: 0| Pullup: 0| Pulldown: 0| Intr:0 [0m
[0;32mI (338) gpio: GPIO[5]| InputEn: 1| OutputEn: 1| OpenDrain: 1| Pullup: 1| Pulldown: 0| Intr:0 [0m
[0;32mI (338) gpio: GPIO[6]| InputEn: 1| OutputEn: 1| OpenDrain: 1| Pullup: 1| Pulldown: 0| Intr:0 [0m
[0;32mI (358) TOF_VL53L8CX: VL53L8CX detected, starting init (uploads firmware, ~1-2s)...[0m
[0;32mI (2608) TOF_VL53L8CX: Init OK[0m
[0;32mI (2798) TOF_VL53L8CX: Ranging started: 4x4, 5 ms integration, 5 Hz[0m
TOF,2757,2693,2696,2696,2859,2867,2814,2731,2916,2914,2854,2795,2957,2941,2902,2859
TOF,2439,2686,2696,2681,2887,2847,2811,2705,2927,2912,2849,2803,2962,2939,2886,2865
TOF,2469,2677,2676,2699,2865,2866,2814,2742,2937,2903,2858,2807,2925,2923,2891,2861
TOF,2505,2674,2691,2696,2884,2852,2808,2748,2923,2903,2857,2782,2940,2933,2896,2853
TOF,2450,2648,2673,2663,2870,2878,2811,2762,2931,2907,2856,2809,2943,2934,2871,2881
TOF,2795,2675,2714,2677,2874,2852,2826,2753,2944,2912,2849,2813,2918,2952,2906,2872
TOF,2393,2689,2695,2666,2867,2858,2817,2732,2927,2893,2870,2808,2943,2931,2889,2855
TOF,2470,2680,2707,2658,2883,2849,2797,2748,2910,2890,2850,2803,2932,2921,2892,2866
TOF,2451,2616,2724,2661,2865,2869,2828,2745,2957,2893,2849,2789,2936,2945,2890,2860
TOF,2502,2705,2670,2658,2863,2851,2822,2763,2945,2876,2853,2805,2965,2919,2910,2865
TOF,2489,2685,2682,2652,2862,2855,2818,2735,2931,2892,2855,2797,2944,2922,2877,2877
TOF,2518,2702,2689,2657,2880,2842,2818,2743,2944,2896,2837,2782,2973,2938,2883,2861
TOF,2587,2662,2708,2688,2873,2862,2816,2731,2926,2900,2842,2798,2936,2912,2895,2855
TOF,2506,2688,2712,2625,2876,2857,2831,2757,2935,2896,2842,2802,2939,2939,2892,2873
TOF,2417,2619,2747,2657,2861,2858,2828,2755,2911,2904,2853,2805,2943,2925,2881,2853
TOF,2402,2704,2708,2673,2843,2867,2825,2748,2912,2885,2848,2787,2925,2946,2891,2857
TOF,2774,2725,2710,2676,2892,2879,2816,2764,2927,2907,2858,2805,2924,2894,2901,2878
TOF,2456,2799,2694,2697,2868,2848,2811,2736,2940,2902,2850,2792,2952,2933,2890,2861
TOF,2510,2711,2716,2700,2851,2858,2815,2760,2929,2897,2869,2799,2952,2932,2893,2859
TOF,2620,2707,2689,2676,2867,2860,2795,2748,2953,2908,2854,2817,2955,2912,2883,2867
TOF,2594,2681,2664,2691,2865,2863,2809,2746,2926,2895,2851,2807,2949,2915,2893,2884
TOF,2672,2699,2713,2659,2875,2854,2816,2736,2917,2893,2861,2811,2933,2934,2894,2879
TOF,2422,2678,2676,2671,2867,2853,2824,2731,2917,2899,2848,2797,2954,2936,2890,2879
TOF,2438,2677,2709,2668,2869,2843,2808,2735,2959,2903,2848,2805,2909,2913,2890,2879
TOF,2463,2673,2697,2653,2873,2862,2826,2763,2920,2906,2852,2784,2939,2940,2867,2849
TOF,2561,2712,2712,2650,2853,2857,2819,2739,2923,2897,2850,2812,2959,2925,2895,2856
TOF,2531,2705,2703,2674,2865,2867,2831,2738,2922,2912,2849,2806,2941,2904,2880,2873
TOF,2496,2682,2721,2683,2871,2861,2796,2753,2956,2891,2862,2804,2951,2906,2904,2872
TOF,2494,2662,2693,2684,2859,2856,2826,2734,2912,2896,2863,2795,2906,2914,2878,2882
TOF,2440,2640,2703,2671,2874,2855,2811,2744,2915,2884,2853,2807,2934,2914,2899,2851
TOF,2501,2721,2707,2714,2876,2849,2808,2758,2938,2897,2855,2794,2928,2941,2910,2855
TOF,2428,2709,2707,2705,2880,2854,2811,2756,2911,2898,2860,2803,2914,2915,2892,2859
TOF,2724,2780,2682,2676,2880,2865,2822,2733,2928,2895,2837,2798,2947,2946,2886,2846
TOF,2482,2675,2696,2684,2876,2850,2807,2749,2935,2899,2844,2799,2934,2928,2880,2851
TOF,2748,2613,2682,2632,2855,2861,2818,2732,2934,2901,2855,2802,2961,2906,2897,2858
TOF,2606,2733,2717,2667,2899,2857,2824,2759,2911,2910,2849,2812,2950,2929,2923,2875
TOF,2426,2694,2721,2668,2865,2864,2820,2756,2935,2907,2853,2802,2954,2933,2904,2863
TOF,2449,2715,2705,2677,2869,2852,2818,2760,2915,2896,2851,2814,2961,2939,2885,2851
TOF,2446,2693,2739,2672,2872,2861,2823,2748,2934,2895,2856,2798,2945,2930,2898,2857
TOF,2473,2710,2688,2699,2859,2872,2823,2757,2936,2896,2853,2808,2937,2921,2906,2856
TOF,2497,2690,2685,2671,2873,2856,2823,2761,2913,2905,2851,2806,2967,2919,2892,2877
TOF,2518,2696,2698,2703,2871,2853,2819,2731,2912,2895,2852,2803,2912,2922,2903,2869
TOF,2439,2718,2707,2674,2865,2856,2816,2748,2936,2900,2846,2793,2942,2933,2890,2879
TOF,2449,2688,2675,2655,2891,2859,2806,2747,2908,2911,2850,2791,2967,2918,2903,2859
TOF,2445,2694,2698,2661,2873,2844,2819,2755,2928,2900,2848,2783,2938,2930,2890,2868
TOF,2704,2676,2698,2710,2877,2845,2812,2765,2938,2886,2865,2804,2948,2923,2899,2861
TOF,2425,2704,2693,2659,2865,2858,2818,2738,2941,2901,2857,2813,2955,2915,2904,2838
TOF,2449,2678,2701,2672,2845,2856,2815,2727,2923,2889,2845,2805,2937,2955,2912,2852
TOF,2423,2669,2705,2666,2877,2856,2822,2752,2934,2898,2863,2813,2971,2913,2898,2865
TOF,2705,2682,2723,2676,2851,2868,2815,2745,2932,2884,2856,2795,2968,2927,2900,2865
TOF,2493,2674,2716,2674,2869,2855,2806,2743,2923,2895,2842,2811,2953,2919,2899,2861
TOF,2483,2671,2694,2673,2873,2854,2811,2740,2927,2901,2842,2802,2957,2918,2916,2881
TOF,2773,2661,2690,2645,2862,2854,2823,2762,2945,2909,2846,2797,2954,2935,2903,2853
TOF,2431,2614,2693,2653,2848,2857,2824,2750,2933,2880,2857,2786,2938,2924,2915,2868
TOF,2462,2578,2704,2658,2868,2861,2809,2737,2931,2891,2847,2806,2962,2943,2883,2864
TOF,2718,2688,2689,2666,2888,2871,2820,2743,2926,2898,2854,2789,2920,2926,2897,2851
TOF,2414,2728,2706,2667,2874,2851,2811,2741,2915,2894,2851,2817,2941,2938,2890,2860
TOF,2744,2678,2683,2683,2864,2861,2819,2758,2936,2885,2849,2808,2933,2899,2905,2852
TOF,2509,2684,2717,2681,2872,2852,2824,2741,2913,2893,2867,2801,2924,2948,2887,2863
TOF,2759,2609,2708,2685,2864,2858,2800,2729,2934,2887,2865,2810,2926,2924,2900,2839
TOF,2456,2709,2695,2670,2860,2859,2806,2754,2936,2904,2845,2822,2961,2909,2909,2850
TOF,2425,2639,2703,2702,2864,2863,2816,2726,2920,2884,2850,2792,2937,2935,2888,2871
TOF,2521,2642,2702,2659,2860,2868,2825,2730,2921,2901,2851,2799,2935,2928,2902,2858
TOF,2414,2694,2716,2683,2883,2850,2811,2730,2947,2904,2850,2785,2942,2909,2890,2851
TOF,2453,2666,2685,2683,2866,2871,2818,2742,2941,2890,2852,2795,2935,2929,2903,2854
TOF,2525,2674,2714,2675,2869,2861,2825,2737,2943,2904,2842,2818,2925,2924,2883,2874
TOF,2465,2646,2693,2653,2871,2860,2815,2744,2940,2876,2864,2805,2969,2910,2881,2857
TOF,2380,2717,2701,2654,2859,2844,2812,2745,2916,2885,2853,2801,2935,2941,2880,2848
TOF,2849,2754,2709,2693,2868,2850,2823,2735,2947,2874,2870,2775,2970,2933,2902,2867
TOF,2463,2617,2725,2673,2861,2844,2806,2716,2922,2904,2854,2804,2951,2938,2903,2867
TOF,2428,2705,2723,2678,2853,2850,2816,2751,2936,2885,2862,2817,2953,2926,2909,2835
TOF,2435,2610,2707,2674,2867,2853,2809,2723,2934,2907,2849,2792,2957,2929,2890,2854
TOF,2464,2695,2704,2679,2884,2851,2816,2744,2938,2899,2841,2800,2923,2931,2882,2861
TOF,2371,2684,2708,2675,2855,2858,2825,2741,2885,2893,2852,2805,2940,2915,2900,2856
TOF,2489,2699,2710,2715,2877,2854,2811,2741,2925,2907,2851,2814,2932,2932,2894,2861
TOF,2664,2764,2687,2674,2856,2857,2817,2712,2962,2902,2857,2810,2928,2914,2889,2857
TOF,2677,2647,2702,2679,2864,2855,2814,2743,2953,2891,2856,2813,2982,2940,2888,2840
TOF,2435,2697,2698,2678,2855,2860,2811,2758,2902,2887,2857,2806,2930,2944,2914,2846
TOF,2492,2703,2721,2665,2877,2846,2813,2733,2922,2903,2855,2817,2955,2938,2891,2864
TOF,2753,2701,2690,2677,2842,2848,2819,2715,2958,2901,2847,2789,2937,2934,2883,2888
TOF,2483,2672,2716,2663,2874,2870,2825,2749,2942,2892,2850,2816,2957,2923,2910,2860
TOF,2411,2718,2704,2722,2866,2856,2830,2732,2921,2888,2859,2794,2927,2898,2913,2831
TOF,2668,2656,2696,2669,2850,2855,2818,2736,2927,2893,2854,2788,2980,2921,2893,2870
TOF,2436,2675,2694,2663,2854,2852,2812,2755,2940,2877,2836,2787,2986,2929,2906,2851
TOF,2433,2683,2694,2682,2865,2857,2811,2747,2914,2899,2846,2805,652,2916,2870,2883
TOF,2395,2672,2697,2698,2876,2868,2819,2742,2915,2905,2846,2801,608,2932,2891,2870
TOF,2454,2677,2679,2671,2861,2863,2808,2742,2940,2891,2848,2812,593,2925,2906,2840
TOF,2741,2645,2714,2660,2843,2863,2825,2737,2925,2908,2842,2799,581,2911,2895,2847
TOF,2495,2702,2710,2665,2879,2847,2806,2745,2948,2894,2858,2810,566,2916,2901,2849
TOF,2473,2734,2705,2668,2850,2858,2810,2725,2934,2911,2856,2809,566,2922,2886,2826
TOF,2469,2693,2719,2642,2855,2849,2817,2748,2932,2894,2847,2791,565,2946,2898,2849
TOF,2507,2590,2682,2665,2857,2861,2817,2725,2921,2894,2850,2814,566,2912,2899,2857
TOF,2426,2763,2711,2677,2872,2846,2813,2738,2933,2893,2848,2791,555,2915,2886,2861
TOF,2488,2744,2717,2687,2865,2861,2830,2724,2938,2898,2849,2792,542,2933,2886,2849
TOF,2490,2678,2690,2721,2864,2853,2809,2751,2911,2897,2850,2801,557,2920,2898,2861
TOF,2469,2679,2697,2665,2863,2856,2802,2746,2895,2896,2846,2799,560,2904,2898,2866
TOF,2466,2627,2710,2661,2865,2870,2821,2738,2935,2899,2851,2816,556,2927,2896,2900
TOF,2490,2707,2709,2647,2855,2856,2830,2742,2940,2893,2857,2818,556,2930,2898,2897
TOF,2517,2757,2716,2674,2851,2856,2820,2729,2939,2893,2855,2809,564,2936,2889,2875
TOF,2473,2708,2701,2681,2877,2862,2809,2753,2925,2894,2864,2818,560,2923,2904,2867
TOF,2474,2746,2715,2690,2891,2852,2817,2735,2926,2913,2843,2796,570,2919,2901,2852
TOF,2401,2681,2678,2676,2863,2857,2818,2763,2917,2904,2848,2822,562,2910,2904,2847
TOF,2413,2678,2707,2646,2886,2839,2813,2748,2932,2900,2845,2820,578,2913,2899,2869
TOF,2737,2695,2692,2653,2858,2851,2816,2757,2924,2892,2864,2784,581,2910,2897,2857
TOF,2451,2717,2721,2668,2871,2845,2831,2736,2905,2897,2859,2810,594,2925,2900,2878
TOF,2462,2687,2671,2640,2882,2848,2824,2735,2927,2902,2855,2799,608,2897,2900,2848
TOF,2732,2705,2696,2685,2859,2847,2821,2760,2909,2900,2848,2787,599,2955,2870,2856
TOF,2401,2662,2678,2679,2890,2872,2818,2733,2919,2878,2866,2804,589,2932,2884,2875
TOF,2394,2637,2703,2684,2870,2857,2812,2754,2932,2894,2859,2799,592,2934,2901,2851
TOF,2761,2696,2696,2645,2879,2846,2804,2721,2922,2888,2841,2800,603,2920,2888,2840
TOF,2411,2735,2715,2676,2869,2859,2820,2727,2918,2903,2859,2802,614,2931,2893,2869
TOF,2497,2710,2695,2655,2870,2866,2822,2753,2947,2884,2832,2792,582,2913,2843,2803
TOF,5,2623,7,16,-9,5,-7,2785,3104,2957,2727,9,3027,48,52,50
TOF,20,22,22,24,22,24,27,31,26,30,34,29,34,35,34,32
TOF,31,31,29,28,28,29,30,31,29,33,35,38,36,39,41,39
TOF,32,35,38,31,32,34,33,28,31,32,32,32,35,38,39,36
TOF,31,34,37,33,32,33,33,28,30,31,32,32,34,36,40,37
TOF,31,30,32,31,33,38,31,25,31,32,28,26,32,32,33,36
TOF,47,45,42,44,48,51,49,40,47,49,44,41,48,48,49,50
TOF,53,53,50,51,54,55,53,45,52,52,51,47,54,55,56,54
TOF,50,51,48,48,50,53,49,44,50,49,49,48,52,54,54,52
TOF,59,60,59,55,62,61,59,55,59,60,61,63,61,64,65,64
TOF,76,74,74,73,77,76,80,70,74,77,77,77,73,82,78,79
TOF,78,83,80,79,82,84,84,81,81,85,83,80,76,84,88,85
TOF,88,91,88,86,91,93,92,87,88,92,90,87,82,91,93,89
TOF,92,93,90,86,93,95,96,88,91,95,95,93,84,91,91,97
TOF,97,98,95,93,97,99,99,93,97,98,102,103,87,97,96,101
TOF,103,104,102,103,106,110,109,103,105,111,108,107,93,104,106,108
TOF,116,116,113,109,115,118,121,116,114,117,121,118,99,113,117,121
TOF,122,128,122,123,122,130,130,127,121,126,126,130,107,119,126,134
TOF,131,130,132,130,131,134,139,131,125,133,138,137,114,125,133,140
TOF,136,138,140,134,137,141,142,134,131,137,141,148,122,129,135,148
TOF,151,149,151,148,148,157,159,149,146,151,155,2806,130,144,151,2867
TOF,167,164,162,154,158,166,165,162,153,162,168,2814,139,157,163,2897
TOF,175,169,167,162,162,170,175,168,157,168,177,2797,148,160,170,2870
TOF,179,175,178,171,170,177,183,178,158,173,179,2811,156,165,177,2852
TOF,194,181,183,180,175,187,191,189,165,179,189,2799,167,177,190,2868
TOF,197,189,190,187,179,194,197,195,169,183,195,2791,176,189,207,2857
TOF,207,201,203,198,189,208,207,206,177,192,209,2801,191,209,2907,2856
TOF,223,207,206,202,196,207,210,210,180,197,214,2799,202,218,2900,2855
TOF,2571,212,212,211,200,213,218,218,187,203,219,2802,218,2933,2920,2861
TOF,2651,214,217,220,204,216,221,224,188,205,225,2781,222,2911,2879,2875
TOF,2798,226,224,228,209,227,228,231,195,209,232,2789,2962,2927,2893,2862
TOF,2756,232,231,235,209,227,232,236,200,217,235,2808,2957,2937,2903,2857
TOF,2708,240,236,243,217,233,242,244,205,223,239,2815,2955,2948,2906,2871
TOF,2636,242,240,246,219,236,239,245,205,220,242,2805,2938,2932,2895,2863
TOF,2812,240,245,246,221,236,247,247,207,227,248,2812,2942,2918,2909,2835
TOF,2748,246,244,244,220,240,248,248,210,226,253,2815,2948,2922,2892,2879
TOF,2790,247,251,2744,226,244,253,256,216,230,256,2804,2957,2939,2900,2881
TOF,2729,249,255,2700,226,250,259,269,217,236,260,2791,2972,2943,2878,2881
TOF,2503,258,254,2707,233,254,262,2764,221,238,263,2800,2930,2943,2907,2851
TOF,2429,257,260,2677,233,254,264,2745,223,245,269,2821,2949,2927,2903,2848
TOF,2409,251,255,2667,230,250,257,2753,220,236,264,2789,2957,2922,2912,2852
TOF,2433,253,255,2686,228,252,259,269,219,236,261,2805,2945,2951,2900,2882
TOF,2407,258,263,2670,238,261,269,2743,224,244,267,2812,2936,2930,2910,2847
TOF,2500,271,277,2652,247,267,282,2748,239,255,280,2789,2916,2937,2891,2852
TOF,2421,307,306,2624,265,293,312,2716,255,280,295,2808,2944,2923,2899,2871
TOF,2437,320,322,2702,284,314,342,2734,233,298,317,2796,2976,2906,2889,2865
TOF,2396,338,348,2691,299,339,366,2771,215,313,341,2804,2904,2923,2874,2875
TOF,2401,336,358,2688,304,354,382,2749,208,327,346,2807,213,2919,2899,2861
TOF,2424,328,370,2713,304,355,390,2738,204,339,341,2817,216,2897,2898,2859
TOF,2393,2707,365,2694,304,359,397,2746,205,333,347,2795,202,2918,2877,2860
TOF,2448,2667,369,2699,298,358,395,2742,206,331,359,2801,205,2921,2880,2854
TOF,2405,324,358,2676,289,345,381,2763,194,326,335,2814,196,2935,2899,2863
TOF,2484,314,324,2699,281,317,341,2742,256,293,314,2796,2956,2911,2896,2870
TOF,2642,2703,2696,2671,2867,2849,2805,2758,237,235,244,2782,196,225,245,2913
TOF,2812,2744,2700,2664,2846,2856,2821,2750,2948,2907,2857,2807,2983,2930,2912,2854
TOF,2456,2734,2697,2671,2872,2847,2821,2750,2936,2900,2843,2802,2934,2943,2893,2850
TOF,2452,2744,2688,2661,2887,2839,2820,2760,2922,2902,2859,2812,2946,2917,2894,2845
TOF,2429,2679,2703,2690,2878,2862,2804,2750,2910,2895,2852,2822,2956,2926,2894,2848
TOF,2669,2688,2715,2685,2873,2854,2825,2752,2935,2894,2857,2795,2953,2933,2883,2866
TOF,2650,2691,2680,2660,2871,2855,2803,2734,2934,2888,2844,2779,2934,2931,2898,2829
TOF,2443,2706,2673,2665,2868,2841,2818,2746,2917,2889,2850,2804,2951,2935,2897,2860
TOF,2484,2680,2719,2652,2845,2856,2808,2740,2926,2896,2854,2804,2937,2891,2906,2854
TOF,2425,2644,2701,2687,2866,2847,2825,2741,2863,2884,2849,2808,2935,2940,2897,2876
TOF,2517,2662,2690,2682,2850,2852,2819,2752,2939,2891,2855,2800,2932,2915,2875,2857
TOF,2575,2686,2710,2646,2856,2842,2820,2733,2930,2927,2853,2809,2954,2938,2895,2886
TOF,2735,2697,2698,2668,2876,2859,2805,2724,2926,2899,2857,2810,2943,2908,2888,2872
TOF,2461,2695,2683,2637,2878,2860,2822,2707,2926,2899,2863,2816,2935,2928,2894,2853
TOF,2684,2722,2712,2676,2858,2850,2806,2733,2923,2868,2797,2762,884,94,2853,89
TOF,69,2734,47,2761,3034,2807,56,48,2882,67,68,68,70,72,70,73
TOF,88,80,79,80,76,84,86,86,82,87,87,86,82,81,87,88
TOF,104,103,107,102,100,105,108,107,102,106,110,109,93,94,101,102
TOF,135,129,133,130,125,130,137,134,124,123,133,134,112,112,122,120
TOF,164,150,149,152,139,152,155,156,140,144,152,148,128,127,139,152
TOF,2407,164,159,161,146,159,168,165,146,147,164,161,139,138,151,2869
TOF,2556,181,175,177,161,173,183,180,155,162,180,187,155,156,173,2860
TOF,2729,194,193,196,176,188,197,198,169,170,193,208,174,180,2902,2885
TOF,2557,209,205,207,185,201,213,208,174,181,203,225,191,202,2901,2870
TOF,2483,209,203,206,181,200,211,208,173,179,202,2786,188,201,2902,2851
TOF,2542,215,213,212,187,208,219,216,179,185,210,2814,205,2945,2907,2896
TOF,2438,219,220,223,192,213,225,222,185,192,215,2813,2972,2928,2905,2868
TOF,2407,226,224,228,200,221,230,227,190,197,225,2807,2948,2915,2904,2870
TOF,2464,238,234,233,208,224,237,237,197,201,229,2810,2937,2955,2893,2878
TOF,2527,238,235,239,210,226,240,241,199,206,234,2796,2925,2923,2901,2864
TOF,2414,243,237,246,209,229,242,243,202,207,237,2806,2974,2931,2902,2868
TOF,2472,241,244,246,215,233,250,249,206,220,245,2813,2965,2924,2879,2846
TOF,2524,243,243,246,213,231,248,249,204,214,242,2791,2941,2917,2901,2855
TOF,2450,248,241,246,212,231,247,246,202,208,238,2798,2908,2925,2885,2864
TOF,2531,2647,248,256,220,235,252,251,208,216,245,2806,2944,2906,2872,2845
TOF,2452,2661,259,2710,223,249,266,266,213,226,259,2815,2944,2911,2894,2866
TOF,2516,2666,271,2656,226,256,277,276,218,233,266,2799,2962,2934,2902,2858
TOF,2481,2727,269,2666,234,258,279,281,219,236,270,2797,2946,2925,2904,2869
TOF,2423,2771,276,2684,231,257,286,286,222,237,269,2793,2950,2914,2898,2857
TOF,2522,2689,278,2703,239,268,292,288,226,250,280,2797,2928,2928,2915,2877
TOF,2487,2706,284,2670,239,269,300,295,226,252,277,2826,2933,2920,2907,2852
TOF,2389,2679,296,2661,244,273,304,298,217,257,285,2801,2948,2922,2882,2874
TOF,2426,2749,289,2710,239,271,306,295,210,255,282,2774,125,2924,2894,2883
TOF,2414,2724,286,2684,240,270,304,296,216,256,288,2799,135,2916,2894,2853
TOF,2522,270,280,2736,232,258,291,293,222,248,274,2805,2980,2920,2891,2866
TOF,2443,251,269,2751,219,245,276,273,218,237,271,2815,2945,2918,2902,2872
TOF,225,243,261,262,207,240,267,273,213,231,267,2806,2931,2922,2899,2862
TOF,222,237,255,256,200,234,259,261,199,217,253,2791,2953,2909,2897,2866
TOF,218,237,250,250,200,226,257,254,196,215,249,2800,2974,2922,2906,2841
TOF,231,239,258,255,204,236,262,262,204,223,257,2792,2957,2939,2910,2863
TOF,224,242,258,256,205,236,268,265,207,227,264,2788,2959,2920,2906,2860
TOF,212,241,255,256,202,235,266,263,215,236,2859,2808,2929,2914,2887,2855
TOF,203,237,257,252,199,239,267,260,216,242,2847,2808,2936,2916,2916,2875
TOF,207,240,259,2700,200,244,275,274,224,247,2847,2813,2937,2924,2900,2866
TOF,205,239,259,2741,198,249,273,271,224,254,2854,2816,2959,2946,2891,2860
TOF,206,240,257,2674,200,249,276,273,218,253,2857,2776,2940,2919,2896,2858
TOF,203,238,259,2649,197,245,272,271,222,251,2861,2813,2910,2922,2905,2862
TOF,206,241,258,2685,196,241,273,271,219,248,2869,2817,2929,2911,2912,2893
TOF,208,239,263,2652,197,242,278,275,224,255,2856,2807,2962,2938,2901,2870
TOF,214,244,277,2691,203,248,294,280,151,243,2858,2819,2935,2932,2892,2890
TOF,206,243,273,2698,199,247,300,283,113,233,2853,2820,2971,2933,2908,2854
TOF,205,241,275,2693,197,241,297,279,116,235,2827,2811,95,2933,2898,2858
TOF,205,238,274,2662,194,237,293,286,123,241,2852,2816,94,2912,2886,2856
TOF,205,241,278,2688,195,237,294,282,124,239,2855,2826,95,2927,2893,2847
TOF,203,241,278,2679,200,242,299,279,119,241,2850,2789,98,2936,2884,2878
TOF,2389,247,266,2703,203,252,308,2753,115,243,2852,2781,100,2927,2883,2878
TOF,2402,2740,2699,2693,196,252,312,2767,110,235,2851,2793,96,2931,2894,2864
TOF,2489,2754,2706,2690,181,237,299,2753,130,230,298,2821,87,2923,2908,2868
TOF,2366,2713,2750,2666,2853,2845,2821,2748,2936,2900,2850,2793,146,199,2761,2873
TOF,2427,2691,2693,2655,2865,2844,2807,2751,2929,2875,2852,2791,2936,2944,2890,2872
TOF,2587,2675,2691,2668,2865,2859,2821,2760,2950,2897,2841,2807,2967,2918,2879,2866
TOF,2677,2652,2691,2673,2858,2861,2812,2740,2934,2901,2856,2799,2933,2928,2890,2877
TOF,2502,2662,2702,2735,2873,2870,2806,2735,2912,2893,2853,2787,2961,2941,2885,2857
TOF,2430,2698,2703,2677,2863,2865,2823,2750,2922,2888,2848,2829,2923,2932,2907,2849
TOF,2535,2698,2698,2626,2854,2853,2823,2737,2927,2901,2855,2796,2954,2920,2858,2850
TOF,2484,2594,2693,2675,2858,2853,2812,2740,2932,2890,2846,2802,2945,2925,2895,2849
TOF,2358,2689,2676,2618,2877,2861,2814,2732,2946,2897,2847,2798,2950,2910,2878,2852
TOF,2781,2676,2696,2696,2865,2865,2831,2733,2943,2884,2863,2797,2928,2918,2893,2843
TOF,2787,2639,2703,2720,2849,2863,2809,2738,2936,2891,2863,2798,2983,2924,2917,2868
TOF,2633,2702,2686,2641,2876,2857,2809,2744,2935,2906,2854,2810,2904,2928,2894,2881
TOF,2486,2768,2705,2630,2859,2851,2823,2753,2927,2885,2851,2785,2954,2916,2872,2837
TOF,2451,2671,2711,2688,2875,2867,2814,2727,2950,2886,2856,2802,2917,2925,2894,2862
TOF,2473,2697,2672,2642,2881,2838,2806,2734,2910,2914,2843,2823,2933,2921,2890,2843
TOF,2425,2705,2727,2664,2859,2864,2814,2742,2938,2895,2865,2812,2885,2904,2890,2860
TOF,2657,2735,2700,2658,2865,2861,2823,2733,2948,2909,2854,2804,2912,2943,2891,2861
TOF,2761,2661,2710,2672,2855,2853,2810,2752,2925,2904,2851,2805,2980,2928,2873,2859
TOF,2484,2701,2684,2679,2863,2841,2821,2748,2942,2892,2851,2795,2958,2923,2887,2873
TOF,2428,2649,2684,2686,2856,2869,2825,2749,2929,2897,2869,2819,2944,2920,2891,2844
TOF,2714,2662,2701,2694,2867,2849,2829,2729,2922,2900,2857,2797,2931,2905,2904,2833
TOF,2777,2722,2700,2720,2869,2845,2810,2736,2930,2895,2856,2805,2938,2911,2907,2852
TOF,2494,2708,2688,2660,2868,2851,2825,2726,2940,2889,2843,2810,2931,2921,2888,2852
TOF,2517,2666,2686,2668,2851,2854,2806,2750,2934,2914,2845,2794,2961,2922,2890,2854
TOF,2747,2671,2693,2661,2872,2853,2814,2739,2901,2873,2841,2811,2942,2921,2889,2862
TOF,2530,2690,2704,2663,2859,2850,2815,2765,2939,2902,2852,2805,2929,2930,2883,2868
TOF,2486,2760,2702,2685,2898,2866,2825,2723,2911,2884,2843,2796,2933,2913,2883,2845
TOF,2737,2764,2707,2667,2867,2860,2809,2734,2946,2888,2856,2812,2936,2936,2897,2863
TOF,2401,2689,2693,2683,2858,2856,2815,2732,2952,2900,2842,2804,2948,2933,2889,2848
TOF,2499,2705,2727,2683,2871,2860,2812,2766,2921,2895,2854,2793,2940,2939,2890,2834
TOF,2519,2723,2703,2665,2862,2854,2806,2769,2922,2897,2844,2801,2948,2928,2891,2850
TOF,2419,2739,2708,2632,2883,2850,2810,2734,2911,2914,2862,2794,2954,2910,2907,2854
TOF,2709,2723,2717,2643,2847,2851,2813,2753,2921,2903,2854,2811,2945,2928,2876,2864
TOF,2548,2689,2701,2653,2867,2835,2830,2739,2922,2898,2856,2782,2963,2928,2896,2874
TOF,2478,2630,2695,2657,2861,2865,2801,2706,2933,2885,2850,2806,2928,2918,2889,2847
TOF,2449,2650,2698,2709,2872,2857,2808,2745,2913,2896,2843,2807,2941,2908,2899,2852
TOF,2461,621,2678,2645,2886,2854,2815,2727,2906,2884,2850,2798,2928,2922,2913,2856
TOF,2520,557,563,2669,2861,2847,2811,2742,2941,2901,2843,2806,2923,2925,2893,2843
TOF,2414,504,2687,2648,2869,2854,2817,2736,2946,2889,2845,2779,2944,2923,2888,2851
TOF,2495,2714,2688,2657,2864,2849,2805,2759,2941,2898,2849,2805,2945,2929,2888,2853
TOF,2754,2697,2729,2671,2854,2845,2810,2733,2933,2899,2854,2805,2939,2911,2876,2859
TOF,2433,2644,2700,2683,2864,2849,2802,2749,2911,2903,2842,2779,2965,2936,2893,2868
TOF,2500,2686,2700,2685,2874,2851,2804,2741,2948,2890,2841,2798,2941,2921,2887,2865
TOF,2422,2687,2715,2665,2860,2853,2816,2736,2921,2899,2852,2805,2947,2929,2899,2842
TOF,2402,2688,2713,2650,2844,2862,2818,2743,2952,2886,2863,2816,2944,2951,2901,2851
TOF,2528,2696,2692,2716,2832,2848,2818,2800,2908,2879,2865,2819,2922,2904,2900,2906
TOF,2439,2701,2709,2771,2820,2841,2819,2792,2909,2885,2855,2822,2933,2913,2880,2906
TOF,2415,2700,2699,2728,2826,2846,2816,2793,2883,2865,2858,2822,2905,2932,2898,2872
TOF,2461,2717,2700,2751,2820,2845,2815,2791,2880,2879,2871,2819,2933,2900,2907,2897
TOF,2406,2713,2707,2716,2813,2852,2815,2791,2902,2872,2859,2833,2908,2915,2882,2863
TOF,2467,2694,2689,2777,2846,2845,2810,2785,2897,2865,2853,2818,2914,2914,2872,2872
TOF,2667,2688,2706,2723,2820,2831,2827,2777,2890,2865,2861,2824,2902,2911,2895,2887
TOF,2694,2688,2701,2794,2846,2857,2824,2767,2891,2888,2855,2824,2905,2900,2905,2887
TOF,2596,2731,2708,2744,2822,2847,2831,2800,2896,2875,2854,2810,2910,2903,2901,2867
TOF,2559,2709,2710,2772,2831,2843,2813,2793,2903,2861,2859,2840,2900,2922,2906,2887
TOF,2382,2681,2682,2746,2828,2851,2822,2779,2897,2879,2865,2823,2910,2908,2911,2895
TOF,2390,2682,2694,2742,2830,2829,2819,2782,2901,2874,2852,2822,2912,2888,2900,2882
TOF,2507,2724,2721,2724,2819,2838,2818,2779,2878,2877,2848,2823,2905,2912,2906,2879
TOF,2589,2704,2709,2714,2813,2825,2816,2787,2883,2870,2847,2825,2899,2901,2905,2891
TOF,2466,2702,2679,2750,2820,2838,2826,2797,2887,2890,2845,2810,2917,2900,2895,2895
TOF,2440,2700,2727,2738,2805,2831,2811,2774,2882,2879,2853,2821,2910,2915,2900,2886
TOF,2439,2740,2713,2732,2813,2845,2827,2792,2907,2892,2859,2798,2923,2898,2887,2887
TOF,2638,2673,2712,2777,2840,2852,2817,2782,2880,2888,2855,2818,2920,2900,2879,2878
TOF,2774,2739,2698,2715,2826,2848,2829,2779,2917,2874,2859,2803,2920,2905,2893,2881
TOF,2395,2689,2689,2722,2804,2841,2812,2790,2895,2873,2848,2791,2916,2895,2904,2892
TOF,2376,2729,2704,2754,2824,2835,2819,2796,2889,2871,2860,2812,2904,2900,2889,2868
TOF,2625,2663,2694,2778,2811,2838,2831,2783,2901,2872,2866,2827,2943,2906,2893,2876
TOF,2694,2689,2721,2737,2821,2836,2819,2777,2909,2884,2853,2814,2917,2905,2896,2884
TOF,2406,2698,2700,2713,2800,2842,2831,2764,2914,2881,2857,2800,2912,2895,2910,2873
TOF,2512,2709,2701,2730,2821,2829,2831,2782,2892,2857,2850,2798,2896,2909,2903,2880
TOF,2424,2715,2697,2708,2837,2845,2830,2783,2894,2879,2855,2804,2923,2921,2894,2857
TOF,2426,2725,2693,2750,2810,2836,2825,2777,2896,2887,2860,2825,2901,2897,2860,2863
TOF,2469,2670,2699,2754,2807,2840,2808,2769,2877,2885,2866,2822,2933,2910,2890,2861
TOF,2555,2707,2707,2759,2827,2842,2828,2777,2870,2893,2845,2810,2936,2909,2874,2876
TOF,2439,2673,2699,2736,2827,2833,2808,2806,2899,2872,2849,2822,2921,2897,2893,2876
TOF,2398,2697,2718,2756,2809,2853,2830,2780,2879,2885,2854,2810,2904,2896,2900,2885
TOF,2388,2730,2699,2743,2826,2834,2806,2768,2896,2873,2866,2810,2913,2904,2908,2873
TOF,2469,2771,2699,2732,2812,2838,2831,2773,2914,2885,2863,2812,2934,2906,2917,2875
TOF,2454,2701,2739,2696,2836,2834,2834,2803,2902,2870,2872,2818,2885,2904,2904,2882
TOF,2378,2692,2692,2737,2809,2852,2823,2777,2901,2895,2853,2808,2929,2888,2877,2874
TOF,2514,2713,2700,2779,2822,2842,2818,2796,2889,2878,2865,2831,2915,2915,2912,2888
TOF,2472,2688,2703,2721,2821,2836,2826,2800,2883,2873,2845,2814,2925,2888,2899,2854
TOF,2391,2723,2699,2756,2855,2839,2804,2804,2887,2881,2871,2782,2898,2912,2748,76
TOF,-19,-60,-26,2765,2864,2834,2664,-25,-49,-56,25,41,28,42,41,42
TOF,42,41,42,43,40,41,41,44,41,45,41,40,43,42,42,42
TOF,105,103,107,103,106,110,112,103,104,107,105,108,101,98,102,102
TOF,2441,157,151,157,155,156,160,153,151,156,163,165,136,138,147,166
TOF,2372,192,182,182,192,189,189,196,171,180,185,193,161,158,173,2883
TOF,2331,2747,196,198,2841,199,205,210,184,192,198,217,163,169,179,2889
TOF,2338,2722,198,194,2815,200,204,200,181,190,201,218,161,166,175,196
TOF,2442,2693,2705,2793,2831,225,230,242,186,215,228,2817,155,169,201,2881
TOF,2381,2780,2728,2751,2838,243,248,2769,195,236,249,2831,163,177,222,2877
TOF,2476,2730,2742,2780,2824,263,261,2767,208,253,271,2822,168,192,233,2884
TOF,2458,2737,2728,2776,2834,267,269,2798,221,253,273,2808,173,201,245,2884
TOF,2431,2718,2698,2769,2815,270,265,2764,222,253,272,2826,176,197,240,2888
TOF,2383,2747,2724,2741,2826,270,263,2809,223,259,271,2827,174,203,241,2898
TOF,2501,2777,2701,2766,2824,2828,2823,2796,2895,262,270,2827,187,210,243,2885
TOF,2465,2707,2725,2725,2822,2835,2833,2796,2923,2871,2844,2818,2912,2902,2894,2866
TOF,2494,2755,2719,2761,2811,2838,2827,2780,2908,2868,2853,2800,2917,2901,2893,2881
TOF,2396,2714,2714,2779,2827,2837,2814,2783,2892,2877,2861,2829,2930,2925,2887,2890
TOF,2500,2678,2702,2736,2814,2836,2813,2780,2899,2866,2856,2823,2912,2902,2905,2887
TOF,2467,2735,2732,2726,2826,2841,2834,2765,2904,2864,2847,2818,2926,2905,2896,2880
TOF,2425,2741,2693,2744,2814,2831,2822,2774,2902,2860,2846,2825,2929,2911,2892,2876
TOF,2654,2689,2692,2753,2826,2847,2839,2800,2881,2869,2863,2811,2940,2920,2888,2873
TOF,2670,2690,2692,2738,2830,2846,2816,2806,2897,2889,2869,2827,2922,2914,2897,2868
TOF,2484,2696,2714,2778,2815,2832,2818,2790,2876,2896,2861,2827,2934,2902,2881,2882
TOF,2391,2690,2708,2752,2825,2853,2833,2767,2897,2891,2868,2820,2921,2909,2898,2906
TOF,2457,2718,2692,2752,2816,2841,2826,2776,2903,2869,2873,2806,2930,2915,2896,2889
TOF,2473,2688,2718,2785,2833,2843,2816,2792,2891,2870,2876,2811,2950,2907,2914,2875
TOF,2445,2765,2700,2775,2831,2823,2812,2772,2910,2876,2850,2828,2931,2913,2893,2877
TOF,2567,2690,2709,2765,2802,2843,2834,2775,2876,2878,2850,2812,2925,2899,2885,2878
TOF,2493,2697,2734,2780,2805,2848,2825,2781,2899,2888,2855,2814,2932,2907,2904,2904
TOF,2463,2691,2696,2757,2820,2836,2836,2793,2893,2875,2867,2824,2921,2916,2894,2877
TOF,2455,2652,2690,2755,2821,2839,2825,2781,2875,2877,2842,2823,2940,2913,2897,2868
TOF,2493,2692,2704,2757,2834,2837,2812,2781,2903,2866,2864,2825,2938,2889,2896,2847
TOF,2420,2669,2705,2762,2812,2845,2831,2786,2886,2883,2859,2810,2920,2907,2889,2887
TOF,2444,2700,2704,2772,2828,2846,2822,2769,2886,2876,2874,2808,2909,2929,2921,2910
TOF,2415,2685,2720,2766,2812,2837,2827,2787,2889,2869,2859,2826,2901,2907,2884,2879
TOF,2426,2698,2723,2731,2823,2828,2827,2768,2898,2877,2845,2804,2907,2914,2897,2859
TOF,2722,2680,2711,2757,2823,2838,2824,2793,2869,2893,2864,2807,2915,2905,2917,2869
TOF,2715,2651,2735,2775,2829,2836,2816,2805,2916,2876,2859,2812,2919,2904,2905,2876
TOF,2388,2656,2674,2749,2807,2849,2831,2781,2903,2876,2858,2816,2940,2932,2891,2888
TOF,2377,2644,2709,2735,2812,2846,2826,2773,2902,2874,2851,2828,2918,2909,2895,2876
TOF,2425,2703,2690,2758,2834,2841,2818,2784,2898,2866,2876,2819,2924,2913,2917,2885
TOF,2489,2717,2760,2738,2816,2840,2815,2768,2875,2882,2850,2823,2897,2895,2896,2886
TOF,2463,2690,2718,2743,2817,2843,2806,2761,2911,2874,2868,2822,2884,2910,2900,2905
TOF,2552,2643,2701,2743,2819,2840,2813,2781,2890,2866,2862,2827,2908,2915,2907,2881
TOF,2420,2715,2707,2762,2805,2843,2819,2801,2886,2877,2851,2803,2931,2899,2912,2885
TOF,2427,2756,2717,2739,2839,2841,2819,2787,2907,2877,2848,2802,2922,2916,2885,2865
TOF,2482,2672,2698,2765,2823,2839,2829,2795,2890,2876,2860,2828,2921,2895,2888,2892
TOF,2391,2620,2694,2730,2814,2828,2818,2785,2913,2898,2850,2828,2917,2900,2894,2878
TOF,2416,2714,2697,2793,2811,2849,2824,2791,2885,2883,2867,2827,2910,2900,2891,2906
TOF,2708,2690,2699,2767,2828,2833,2826,2764,2892,2874,2854,2810,2931,2912,2909,2875
TOF,2645,2648,2706,2772,2833,2836,2821,2764,2888,2886,2856,2820,2894,2918,2889,2887
TOF,2560,2637,2696,2735,2810,2841,2822,2794,2879,2884,2838,2817,2910,2906,2903,2891
TOF,2421,2689,2701,2769,2826,2847,2832,2774,2897,2880,2852,2798,2901,2916,2891,2902
TOF,2686,2755,2728,2745,2826,2832,2831,2799,2890,2864,2858,2815,2920,2921,2898,2861
TOF,2398,2690,2696,2728,2811,2837,2822,2791,2890,2871,2852,2828,2930,2909,2907,2884
TOF,2624,2709,2729,2710,2796,2854,2824,2772,2912,2864,2854,2810,2928,2900,2903,2853
TOF,2419,2702,2712,2745,2836,2835,2798,2786,2918,2887,2870,2816,2936,2902,2912,2901
TOF,2395,2714,2727,2795,2818,2851,2826,2775,2903,2891,2858,2812,2924,2896,2902,2870
TOF,2602,2703,2715,2717,2824,2833,2831,2778,2889,2882,2858,2830,2927,2918,2903,2901
TOF,2426,2717,2704,2765,2834,2849,2829,2776,2889,2884,2866,2808,2931,2910,2878,2894
TOF,2728,2686,2692,2772,2821,2835,2827,2782,2897,2864,2839,2813,2927,2914,2893,2891
TOF,2475,2729,2694,2754,2824,2840,2809,2767,2882,2879,2861,2823,2923,2915,2888,2897
TOF,2650,2683,2713,2771,2806,2837,2838,2786,2882,2881,2863,2817,2912,2904,2902,2870
TOF,2417,2698,2701,2748,2834,2834,2810,2762,2875,2880,2857,2807,2921,2912,2897,2875
TOF,2423,2658,2721,2747,2824,2846,2818,2790,2896,2883,2862,2831,2910,2912,2893,2882
TOF,2729,2703,2715,2746,2829,2846,2817,2775,2909,2871,2852,2823,2928,2903,2900,2870
TOF,2377,2713,2729,2709,2836,2838,2827,2788,2909,2891,2868,2819,2902,2921,2890,2881
TOF,2458,2716,2690,2757,2838,2835,2818,2771,2905,2885,2862,2826,2925,2918,2892,2851
TOF,2431,2700,2721,2769,2821,2854,2814,2773,2872,2889,2853,2792,2920,2911,2909,2889
TOF,2407,2701,2715,2737,2819,2832,2827,2781,2887,2877,2862,2806,2898,2911,2883,2885
TOF,2422,2668,2731,2724,2826,2829,2823,2772,2903,2882,2848,2798,2895,2941,2890,2890
TOF,2711,2722,2696,2734,2827,2838,2829,2774,2906,2883,2873,2793,2915,2898,2890,2862
TOF,2694,2689,2756,2729,2803,2848,2819,2795,2890,2867,2850,2810,2950,2923,2897,2900
TOF,2653,2702,2708,2770,2844,2843,2825,2780,2901,2868,2847,2814,2936,2899,2913,2890
TOF,2701,2685,2696,2711,2833,2852,2824,2764,2916,2871,2869,2805,2935,2891,2899,2880
TOF,2404,2693,2708,2806,2812,2848,2812,2797,2905,2888,2844,2813,2936,2912,2900,2871
TOF,2671,2728,2698,2726,2840,2840,2827,2769,2891,2883,2845,2817,2925,2883,2887,2883
TOF,2404,2695,2714,2745,2805,2832,2824,2774,2866,2887,2859,2835,2927,2894,2889,2896
TOF,2441,2699,2707,2739,2824,2845,2824,2769,2893,2882,2850,2808,2921,2908,2907,2863
TOF,2420,2700,2699,2791,2824,2839,2811,2764,2896,2877,2846,2802,2907,2898,2895,2853
TOF,2372,2656,2709,2726,2827,2835,2810,2775,2892,2867,2857,2821,2925,2928,2902,2884
TOF,2485,2654,2732,2747,2821,2840,2810,2777,2915,2894,2853,2826,2902,2906,2885,2876
TOF,2389,2645,2699,2741,2836,2840,2823,2790,2902,2877,2865,2799,2921,2897,2886,2888
TOF,2491,2671,2706,2722,2815,2835,2827,2780,2907,2874,2871,2815,2925,2906,2896,2877
TOF,2463,2670,2738,2737,2822,2850,2826,2769,2897,2888,2853,2822,2907,2904,2876,2870
TOF,2710,2700,2710,2718,2821,2848,2832,2784,2901,2887,2859,2801,2915,2907,2869,2871
TOF,2418,2677,2696,2727,2829,2832,2822,2774,2907,2872,2842,2813,2912,2916,2883,2886
TOF,2375,2696,2725,2756,2827,2851,2815,2771,2908,2890,2862,2807,2918,2909,2889,2900
TOF,2700,2700,2712,2737,2822,2843,2833,2774,2902,2873,2849,2828,2911,2899,2896,2895
TOF,2591,2648,2730,2775,2853,2843,2813,2758,2892,2877,2852,2813,2911,2909,2898,2867
TOF,2581,2697,2697,2749,2809,2845,2828,2781,2897,2883,2846,2804,2920,2897,2868,2887
TOF,2435,2687,2698,2726,2813,2822,2812,2778,2888,2868,2875,2823,2908,2925,2883,2890
TOF,2421,2692,2695,2741,2833,2827,2806,2781,2903,2882,2860,2790,2900,2926,2916,2879
TOF,2696,2679,2704,2732,2828,2848,2812,2785,2882,2862,2862,2825,2911,2922,2893,2875
TOF,121,2678,2724,2751,2797,2842,2832,2783,2892,2876,2858,2838,2928,2904,2910,2868
TOF,140,2690,2731,2737,124,2843,2813,2797,128,2885,2844,2811,2949,2910,2887,2879
TOF,168,2681,2700,2753,138,2829,2820,2766,148,2874,2855,2817,2942,2899,2896,2876
TOF,2695,2715,2719,2796,2814,2845,2825,2775,2906,2871,2860,2796,2920,2908,2893,2879
TOF,2401,2700,2679,2744,2796,2840,2825,2783,2884,2870,2866,2836,2917,2907,2906,2876
TOF,2492,2694,2714,2741,2826,2853,2834,2793,2902,2874,2847,2815,2914,2897,2868,2865
TOF,2501,2711,2708,2749,2823,2838,2825,2755,2905,2876,2850,2787,2919,2901,2896,2888
TOF,2419,2707,2698,2709,2829,2854,2833,2799,2886,2893,2874,2813,2927,2910,2883,2876
TOF,2560,2754,2714,2755,2828,2837,2827,2789,2895,2883,2863,2804,2909,2889,2895,2894
TOF,2413,2679,2700,2761,2825,2829,2810,2806,2879,2881,2874,2806,2917,2890,2916,2867
TOF,2484,2732,2699,2705,2825,2838,2811,2768,2888,2876,2867,2831,2939,2910,2890,2885
TOF,2484,2699,2697,2734,2827,2852,2821,2781,2890,2894,2859,2814,2944,2909,2893,2885
TOF,2729,2730,2707,2740,2812,2832,2816,2797,2886,2889,2858,2812,2913,2900,2889,2879
TOF,2488,2680,2716,2767,2806,2842,2822,2799,2897,2876,2850,2831,2921,2913,2900,2879
TOF,2663,2711,2700,2760,2811,2849,2826,2761,2881,2872,2850,2820,2926,2893,2901,2889
TOF,2711,2705,2716,2721,2817,2824,2814,2792,2896,2863,2856,2829,2908,2881,2904,2866
TOF,2403,2764,2697,2769,2809,2848,2809,2809,2903,2862,2853,2817,2907,2908,2894,2885
TOF,2336,2778,2697,2791,2817,2835,2821,2785,2899,2876,2862,2812,2922,2899,2884,2899
TOF,2677,2677,2711,2720,2823,2837,2831,2795,2888,2864,2855,2818,2917,2917,2892,2887
TOF,2434,2688,2695,2742,2818,2826,2817,2783,2899,2875,2856,2795,2943,2928,2880,2870
TOF,2409,2716,2712,2750,2811,2830,2818,2778,2874,2890,2856,2826,2923,2921,2893,2900
TOF,2553,2676,2706,2755,2816,2847,2814,2793,2904,2878,2866,2816,2913,2917,2905,2858
TOF,2493,2702,2714,2751,2811,2836,2828,2772,2901,2878,2851,2819,2907,2907,2898,2882
TOF,2430,2702,2719,2761,2804,2864,2828,2789,2890,2873,2848,2827,2942,2915,2903,2879
TOF,2408,2713,2699,2765,2825,2834,2814,2762,2871,2888,2859,2823,2918,2891,2900,2894
TOF,2308,2641,2695,2707,2825,2845,2815,2798,2888,2878,2866,2802,2911,2896,2872,2887
TOF,2412,2679,2717,2742,2822,2832,2820,2767,2896,2871,2852,2801,2940,2911,2900,2879
TOF,2335,2694,2718,2755,2808,2848,2812,2804,2883,2880,2850,2820,2909,2898,2899,2879
TOF,2706,2681,2723,2732,2815,2842,2815,2793,2900,2871,2856,2825,2917,2904,2892,2874
TOF,2459,2679,2704,2748,2803,2840,2814,2778,2905,2884,2856,2823,2915,2897,2889,2880
TOF,2405,2689,2708,2751,2838,2832,2811,2803,2898,2890,2857,2819,2920,2894,2879,2911
TOF,2449,2703,2693,2735,2819,2840,2830,2824,2897,2879,2865,2824,2937,2903,2893,2883
TOF,2366,2769,2735,2692,2801,2843,2835,2779,2900,2878,2849,2809,2904,2918,2894,2891
TOF,2357,2647,2712,2778,2817,2848,2808,2770,2879,2882,2866,2823,2918,2908,2888,2886
TOF,2406,2687,2708,2760,2824,2837,2819,2786,2884,2868,2857,2797,2929,2911,2903,2884
TOF,2452,2684,2724,2721,2814,2843,2829,2796,2886,2882,2858,2833,2895,2922,2897,2884
TOF,2412,2677,2710,2767,2827,2842,2823,2768,2892,2875,2871,2821,2933,2888,2876,2884
TOF,2417,2655,2720,2740,2824,2826,2842,2791,2897,2886,2866,2802,2910,2892,2894,2863
TOF,2734,2771,2704,2763,2824,2848,2813,2794,2902,2882,2855,2814,2934,2907,2904,2889
TOF,2488,2730,2715,2748,2832,2836,2817,2777,2900,2882,2867,2823,2930,2911,2906,2874
TOF,2663,2693,2697,2768,2814,2858,2823,2760,2895,2878,2858,2835,2911,2910,2882,2892
TOF,2411,2695,2695,2744,2824,2825,2817,2748,2883,2876,2844,2819,2919,2916,2905,2904
TOF,2429,2679,2708,2746,2806,2830,2837,2788,2868,2870,2852,2806,2907,2898,2893,2852
TOF,2425,2725,2694,2759,2816,2847,2834,2786,2889,2871,2863,2824,2937,2916,2924,2873
TOF,2502,2698,2704,2752,2848,2838,2834,2763,2881,2877,2857,2822,2922,2899,2886,2852
TOF,2462,2693,2711,2766,2821,2837,2817,2795,2892,2878,2862,2797,2926,2900,2907,2869
TOF,2443,2666,2706,2723,2827,2836,2820,2770,2902,2886,2863,2810,2905,2906,2881,2884
TOF,2460,2721,2719,2760,2812,2843,2812,2788,2909,2881,2862,2827,2934,2916,2894,2860
TOF,2500,2726,2712,2755,2817,2832,2828,2782,2893,2883,2869,2820,2924,2903,2912,2894
TOF,2654,2668,2698,2749,2832,2841,2824,2758,2899,2875,2874,2815,2926,2906,2893,2849
TOF,2737,2705,2708,2754,2819,2844,2828,2780,2890,2873,2857,2821,2952,2883,2895,2858
TOF,2450,2682,2705,2788,2820,2833,2825,2787,2877,2885,2845,2824,2944,2901,2890,2865
TOF,2455,2702,2695,2765,2803,2844,2826,2780,2909,2877,2853,2813,2932,2912,2900,2887
TOF,2729,2694,2707,2742,2821,2827,2808,2782,2895,2887,2869,2818,2937,2911,2878,2891
TOF,2395,2663,2701,2759,2831,2829,2827,2771,2890,2865,2868,2827,2921,2902,2892,2884
TOF,2400,2709,2692,2733,2821,2846,2809,2789,2891,2879,2864,2806,2915,2889,2890,2909
TOF,2413,2657,2721,2773,2816,2847,2840,2774,2883,2879,2855,2821,2904,2898,2872,2886
TOF,2462,2710,2695,2742,2819,2842,2811,2787,2901,2883,2862,2816,2927,2922,2892,2887
TOF,2460,2710,2733,2762,2797,2836,2820,2771,2889,2879,2854,2809,2910,2894,2886,2906
TOF,2407,2716,2694,2772,2817,2844,2829,2797,2903,2877,2862,2808,2938,2912,2885,2898
TOF,2498,2695,2698,2773,2820,2834,2828,2766,2893,2881,2852,2808,2944,2919,2903,2875
TOF,2515,2710,2692,2774,2810,2834,2809,2791,2890,2868,2867,2804,2936,2909,2899,2893
TOF,2440,2721,2726,2736,2827,2831,2826,2789,2897,2879,2875,2815,2925,2899,2888,2877
TOF,2573,2712,2717,2729,2806,2830,2821,2795,2886,2884,2850,2806,2929,2907,2881,2904
TOF,2452,2709,2709,2742,2815,2845,2823,2801,2905,2869,2862,2830,2917,2900,2892,2886
TOF,2473,2716,2692,2780,2827,2829,2826,2780,2910,2872,2861,2818,2919,2886,2912,2854
TOF,2457,2690,2706,2823,2816,2823,2828,2799,2912,2872,2850,2812,2925,2912,2905,2865
TOF,2495,2650,2697,2758,2829,2833,2838,2775,2897,2861,2847,2820,2910,2908,2892,2887
TOF,2462,2705,2734,2723,2812,2839,2813,2802,2899,2858,2859,2820,2923,2900,2899,2901
TOF,2484,2629,2704,2723,2836,2834,2823,2778,2897,2885,2845,2809,2920,2904,2898,2909
TOF,2452,2699,2717,2733,2824,2837,2817,2755,2906,2876,2868,2798,2917,2913,2895,2857
TOF,2474,2679,2701,2756,2817,2839,2835,2795,2896,2877,2853,2801,2915,2922,2913,2881
TOF,2429,2671,2719,2782,2831,2841,2828,2755,2897,2886,2862,2793,2927,2911,2897,2875
TOF,2448,2684,2690,2752,2833,2844,2821,2783,2907,2885,2863,2803,2935,2913,2891,2877
TOF,2442,2683,2706,2747,2829,2841,2807,2777,2880,2876,2870,2822,2925,2891,2893,2884
TOF,2562,2685,2723,2736,2819,2846,2821,2747,2899,2898,2867,2799,2927,2913,2905,2895
TOF,2416,2675,2699,2711,2818,2844,2820,2771,2908,2890,2861,2811,2920,2904,2891,2857
TOF,2606,2683,2714,2699,2824,2831,2822,2782,2916,2880,2852,2803,2924,2919,2905,2848
TOF,2761,2694,2708,2718,2824,2857,2820,2763,2915,2883,2852,2805,2938,2900,2885,2883
TOF,2366,2734,2736,2688,2844,2845,2824,2782,2894,2885,2848,2804,2949,2895,2872,2899
TOF,2438,2699,2721,2709,2852,2854,2833,2780,2897,2885,2863,2808,2922,2913,2890,2884
TOF,2670,2747,2702,2753,2852,2839,2822,2766,2914,2893,2849,2797,2911,2918,2881,2887
TOF,2645,2690,2720,2730,2806,2846,2826,2774,2917,2877,2863,2809,2938,2915,2902,2889
TOF,2699,2720,2713,2753,2845,2841,2808,2772,2898,2876,2865,2830,2938,2917,2889,2843
TOF,2687,2708,2701,2694,2809,2844,2823,2762,2914,2894,2848,2822,2926,2924,2886,2887
TOF,2602,2680,2708,2734,2814,2845,2820,2784,2886,2886,2846,2814,2939,2907,2905,2899
TOF,2691,2692,2703,2747,2827,2848,2829,2762,2910,2846,2849,2799,2933,2909,2882,2895
TOF,2430,2663,2713,2756,2825,2833,2822,2763,2910,2879,2849,2806,2944,2920,2888,2943
TOF,2485,2687,2718,2726,2845,2845,2822,2753,2897,2864,2853,2800,2917,2926,2891,2867
TOF,2396,2679,2722,2712,2819,2831,2807,2767,2921,2879,2859,2803,2929,2929,2874,2859
TOF,2423,2638,2701,2773,2801,2832,2824,2785,2909,2880,2848,2805,2920,2916,2908,2882
TOF,2638,2704,2681,2705,2840,2849,2817,2783,2904,2890,2864,2808,2940,2915,2879,2872
TOF,2420,2656,2722,2714,2812,2830,2817,2779,2883,2867,2845,2813,2918,2932,2886,2869
TOF,2423,2711,2714,2712,2831,2842,2818,2767,2885,2885,2848,2807,2931,2933,2885,2903
TOF,2361,2703,2716,2701,2820,2841,2811,2762,2925,2887,2857,2815,2928,2907,2881,2868
TOF,2398,2686,2733,2724,2830,2841,2825,2771,2922,2885,2857,2800,2929,2902,2906,2887
TOF,2593,2683,2688,2714,2837,2848,2799,2773,2921,2878,2849,2810,2936,2894,2890,2879
TOF,2416,2669,2698,2724,2817,2844,2819,2755,2915,2886,2869,2817,2919,2903,2897,2872
TOF,2429,2691,2696,2729,2809,2844,2829,2770,2914,2886,2858,2810,2929,2918,2864,2878
TOF,2490,2648,2703,2708,2819,2839,2820,2763,2913,2890,2871,2804,2931,2924,2886,2882
TOF,2509,2676,2703,2740,2833,2829,2815,2769,2920,2879,2853,2807,2926,2912,2904,2859
TOF,2425,2732,2727,2727,2832,2838,2827,2768,2901,2884,2851,2818,2919,2925,2889,2872
TOF,2385,2737,2712,2724,2845,2843,2815,2799,2904,2884,2857,2802,2905,2911,2885,2897
TOF,2469,2697,2680,2690,2832,2846,2820,2753,2904,2874,2856,2801,2928,2937,2898,2865
TOF,2664,2678,2701,2753,2830,2845,2821,2782,2915,2886,2866,2813,2931,2888,2905,2863
TOF,2415,2672,2688,2719,2829,2850,2817,2789,2918,2890,2853,2806,2926,2918,2875,2868
TOF,2699,2705,2691,2738,2825,2835,2808,2776,2903,2894,2846,2811,2913,2904,2881,2870
TOF,2426,2748,2706,2702,2834,2824,2806,2751,2909,2889,2848,2825,2910,2910,2876,2854
TOF,2393,2669,2677,2744,2814,2830,2816,2764,2912,2869,2851,2828,2890,2919,2884,2874
TOF,2458,2683,2700,2751,2823,2840,2833,2782,2915,2886,2856,2816,2933,2905,2893,2855
TOF,2410,2721,2723,2768,2820,2845,2821,2772,2909,2881,2853,2808,2918,2899,2892,2880
TOF,2671,2708,2688,2717,2798,2841,2823,2782,2909,2869,2851,2795,2938,2906,2899,2874
TOF,2705,2676,2695,2750,2791,2852,2823,2767,2895,2875,2866,2813,2915,2898,2906,2876
TOF,2500,2632,2715,2717,2833,2824,2818,2768,2883,2877,2859,2807,2902,2920,2890,2841
TOF,2411,2658,2701,2744,2817,2836,2827,2775,2903,2891,2863,2809,2895,2904,2905,2874
TOF,2443,2671,2727,2654,2833,2839,2819,2775,2901,2890,2858,2819,2924,2908,2896,2874
TOF,2401,2686,2715,2740,2835,2850,2815,2776,2897,2882,2854,2804,2920,2876,2913,2875
TOF,2451,2744,2697,2750,2807,2841,2813,2775,2911,2893,2855,2804,2917,2896,2909,2874
TOF,2479,2695,2727,2727,2815,2850,2809,2770,2900,2878,2863,2801,2893,2917,2877,2865
TOF,2368,2700,2719,2705,2829,2841,2831,2804,2898,2889,2853,2799,2922,2925,2902,2884
TOF,2391,2612,2699,2751,2832,2840,2814,2784,2904,2876,2854,2820,2918,2900,2889,2867
TOF,2447,2703,2719,2760,2826,2847,2816,2789,2892,2877,2852,2825,2911,2908,2879,2873
TOF,2393,2700,2727,2733,2818,2854,2820,2785,2904,2885,2847,2813,2917,2904,2886,2887
TOF,2586,2688,2689,2741,2802,2837,2820,2777,2896,2884,2852,2822,2929,2915,2881,2865
TOF,2448,2663,2721,2756,2810,2840,2825,2790,2902,2881,2853,2802,2891,2912,2895,2856
TOF,2563,2630,2710,2752,2807,2834,2813,2767,2903,2876,2846,2803,2918,2901,2900,2838
TOF,2459,2687,2710,2747,2827,2843,2820,2779,2899,2881,2843,2798,2920,2916,2894,2893
TOF,2386,2687,2692,2725,2797,2843,2829,2782,2890,2882,2865,2830,2906,2907,2895,2883
TOF,2471,2724,2739,2767,2834,2833,2828,2779,2898,2876,2853,2814,2920,2916,2898,2887
TOF,2467,2698,2711,2707,2814,2837,2812,2787,2894,2886,2859,2799,2894,2902,2888,2876
TOF,2451,2695,2698,2674,2818,2848,2803,2801,2929,2858,2860,2798,2932,2902,2892,2867
TOF,2724,2708,2706,2741,2817,2840,2812,2771,2918,2899,2864,2826,2920,2922,2881,2868
TOF,2393,2671,2708,2762,2828,2848,2834,2785,2887,2892,2859,2804,2899,2905,2901,2880
TOF,2398,2705,2680,2745,2816,2838,2832,2774,2898,2876,2877,2831,2929,2894,2897,2867
TOF,2428,2745,2730,2774,2835,2842,2824,2776,2901,2898,2863,2807,2893,2905,2904,2901
TOF,2550,2681,2701,2738,2820,2836,2811,2771,2902,2881,2846,2804,2901,2918,2878,2872
TOF,2491,2708,2718,2722,2814,2847,2832,2795,2920,2882,2850,2812,2938,2909,2888,2865
TOF,2695,2676,2683,2759,2834,2842,2807,2768,2900,2881,2843,2816,2919,2905,2891,2859
TOF,2731,2723,2687,2735,2852,2852,2819,2751,2888,2876,2858,2818,2917,2910,2894,2880
TOF,2481,2633,2727,2755,2821,2832,2832,2778,2912,2896,2871,2832,2933,2904,2892,2881
TOF,2420,2675,2704,2746,2826,2834,2810,2767,2908,2886,2856,2795,2917,2903,2891,2890
TOF,2727,2705,2720,2771,2833,2839,2820,2759,2908,2902,2862,2812,2916,2895,2900,2888
TOF,2377,2709,2731,2747,2843,2842,2829,2774,2890,2878,2852,2819,2931,2911,2899,2889
TOF,2440,2694,2719,2718,2813,2847,2822,2763,2895,2882,2843,2822,2921,2895,2899,2871
TOF,2455,2702,2702,2756,2821,2851,2822,2786,2922,2885,2860,2802,2925,2890,2885,2861
TOF,2717,2721,2712,2753,2826,2843,2819,2801,2915,2874,2848,2805,2917,2918,2867,2889
TOF,2420,2713,2704,2758,2817,2848,2831,2787,2911,2869,2854,2809,2923,2905,2887,2888
TOF,2409,2681,2718,2740,2811,2850,2820,2772,2880,2882,2848,2823,2934,2908,2897,2904
TOF,2527,2669,2699,2787,2812,2830,2807,2803,2895,2871,2858,2808,2945,2889,2889,2856
TOF,2616,2704,2708,2731,2811,2849,2829,2794,2889,2884,2857,2814,2912,2903,2895,2881
TOF,2709,2707,2702,2711,2849,2842,2813,2780,2920,2880,2861,2823,2928,2911,2916,2883
TOF,2434,2708,2710,2749,2826,2837,2828,2775,2902,2877,2858,2808,2960,2883,2903,2859
TOF,2440,2713,2732,2791,2816,2837,2818,2783,2893,2885,2859,2805,2928,2894,2899,2879
TOF,2417,2725,2688,2777,2827,2843,2818,2767,2897,2892,2855,2822,2928,2890,2889,2886
TOF,2651,2710,2710,2719,2811,2822,2825,2790,2879,2868,2867,2794,2925,2888,2890,2877
TOF,2657,2670,2689,2717,2842,2834,2813,2780,2907,2884,2867,2817,2906,2876,2887,2873
TOF,2518,2689,2737,2725,2806,2845,2830,2793,2911,2870,2847,2834,2932,2889,2909,2891
TOF,2410,2682,2705,2788,2827,2842,2812,2797,2878,2888,2833,2830,2920,2910,2896,2880
TOF,2409,2704,2710,2742,2815,2840,2813,2775,2876,2868,2850,2819,2922,2903,2899,2870
TOF,2694,2733,2713,2739,2806,2830,2826,2776,2885,2876,2863,2816,2940,2919,2896,2868
TOF,2495,2708,2734,2752,2826,2839,2820,2774,2886,2877,2866,2813,2921,2917,2894,2880
TOF,2698,2712,2701,2739,2842,2821,2823,2791,2882,2870,2849,2810,2904,2907,2880,2882
TOF,2621,2695,2707,2772,2833,2847,2822,2778,2886,2867,2848,2805,2907,2896,2901,2881
TOF,2713,2709,2699,2786,2825,2841,2835,2778,2907,2873,2866,2808,2922,2898,2887,2884
TOF,2382,2734,2705,2780,2808,2833,2826,2725,2867,2887,2856,2807,2933,2900,2878,2886
TOF,2733,2728,2734,2749,2823,2833,2825,2765,2903,2884,2852,2832,2931,2880,2902,2877
TOF,2473,2729,2698,2737,2820,2849,2815,2785,2893,2879,2858,2802,2948,2905,2887,2868
TOF,2392,2689,2694,2771,2820,2844,2806,2784,2910,2868,2861,2812,2920,2931,2885,2870
TOF,2413,2686,2714,2744,2822,2848,2828,2799,2904,2876,2854,2805,2929,2901,2903,2892
TOF,2502,2682,2726,2744,2824,2838,2828,2747,2891,2884,2859,2815,2931,2916,2881,2873
TOF,2413,2728,2702,2740,2803,2837,2840,2777,2908,2879,2853,2811,2923,2918,2885,2878
TOF,2620,2710,2689,2730,2813,2856,2804,2780,2893,2874,2862,2820,2925,2915,2876,2887
TOF,2524,2703,2696,2764,2828,2840,2815,2765,2903,2883,2848,2800,2913,2912,2889,2879
TOF,2489,2737,2732,2715,2809,2848,2828,2776,2909,2877,2842,2813,2904,2908,2900,2875
TOF,2461,2689,2691,2735,2803,2835,2827,2773,2878,2889,2865,2817,2917,2913,2894,2886
TOF,2415,2684,2708,2734,2818,2847,2817,2760,2904,2881,2844,2807,2928,2902,2899,2889
TOF,2370,2666,2699,2725,2816,2850,2818,2792,2888,2883,2872,2815,2916,2912,2889,2893
TOF,2622,2733,2710,2757,2822,2845,2815,2775,2895,2880,2847,2822,2905,2895,2898,2873
TOF,2759,2660,2719,2740,2824,2856,2815,2785,2890,2859,2861,2806,2938,2904,2889,2862
TOF,2429,2710,2679,2784,2811,2829,2823,2770,2906,2878,2852,2814,2911,2909,2905,2890
TOF,2436,2687,2720,2740,2820,2842,2824,2786,2899,2873,2880,2808,2921,2908,2907,2889
TOF,2345,2690,2710,2759,2812,2833,2818,2808,2886,2864,2860,2806,2941,2923,2892,2889
TOF,2795,2665,2689,2743,2821,2855,2818,2780,2897,2890,2849,2809,2919,2899,2875,2871
TOF,2459,2685,2729,2746,2808,2828,2819,2782,2879,2884,2878,2806,2925,2903,2884,2873
TOF,2720,2716,2718,2793,2819,2837,2817,2785,2895,2886,2855,2836,2926,2924,2904,2886
TOF,2443,2701,2725,2723,2790,2829,2821,2792,2900,2866,2865,2818,2896,2925,2890,2892
TOF,2726,2718,2711,2765,2820,2837,2820,2771,2894,2885,2862,2819,2921,2916,2905,2888
TOF,2417,2706,2702,2784,2830,2824,2805,2800,2887,2888,2876,2825,2919,2886,2900,2916
TOF,2443,2714,2706,2737,2821,2831,2825,2779,2891,2886,2868,2832,2919,2926,2918,2895
TOF,2457,2683,2727,2777,2827,2844,2840,2792,2880,2876,2863,2821,2929,2905,2898,2869
TOF,2689,2674,2720,2787,2811,2839,2812,2771,2875,2884,2856,2817,2929,2904,2888,2878
TOF,2425,2707,2709,2742,2803,2851,2835,2767,2879,2871,2855,2811,2917,2904,2909,2919
TOF,2485,2696,2725,2767,2811,2843,2827,2785,2897,2871,2846,2820,2888,2905,2894,2893
TOF,2495,2720,2687,2786,2817,2845,2825,2774,2878,2883,2854,2799,2928,2894,2906,2870
TOF,2441,2718,2710,2765,2814,2853,2829,2736,2889,2881,2864,2812,2965,2908,2879,2900
TOF,2377,2696,2717,2758,2820,2836,2810,2780,2883,2881,2865,2823,2904,2925,2909,2887
TOF,2429,2701,2711,2744,2830,2829,2830,2783,2892,2887,2855,2818,2903,2888,2897,2897
TOF,2458,2708,2695,2777,2817,2842,2821,2809,2881,2885,2872,2790,2925,2909,2904,2859
TOF,2397,2710,2704,2772,2824,2841,2818,2789,2893,2886,2871,2822,2932,2920,2894,2882
TOF,2566,2693,2715,2761,2806,2837,2813,2784,2897,2872,2856,2832,2910,2879,2908,2884
TOF,2700,2677,2696,2748,2824,2855,2836,2798,2895,2880,2855,2812,2915,2900,2903,2873
TOF,2466,2705,2712,2742,2801,2843,2814,2774,2880,2890,2867,2802,2928,2913,2890,2876
TOF,2416,2699,2699,2734,2814,2830,2817,2775,2912,2877,2858,2828,2933,2927,2899,2882
TOF,2758,2683,2712,2740,2795,2838,2824,2761,2894,2885,2843,2808,2885,2891,2892,2878
TOF,2661,2702,2694,2754,2830,2858,2807,2783,2879,2881,2867,2821,2913,2898,2903,2875
TOF,2750,2692,2704,2746,2824,2835,2813,2789,2895,2872,2845,2844,2911,2914,2918,2895
TOF,2717,2701,2712,2774,2816,2831,2822,2794,2880,2879,2849,2831,2937,2916,2905,2899
TOF,2427,2686,2722,2767,2794,2828,2818,2793,2901,2896,2866,2802,2907,2890,2910,2913
TOF,2756,2698,2700,2732,2792,2828,2819,2787,2893,2876,2863,2813,2926,2926,2887,2874
TOF,2735,2696,2710,2738,2843,2861,2818,2799,2906,2883,2861,2812,2907,2931,2889,2890
TOF,2416,2704,2714,2782,2798,2844,2820,2785,2896,2868,2855,2824,2920,2933,2900,2884
TOF,2460,2684,2741,2781,2804,2852,2821,2797,2896,2886,2867,2820,2913,2904,2902,2911
TOF,2492,2686,2692,2770,2805,2832,2813,2786,2907,2875,2870,2813,2932,2903,2891,2870
TOF,2412,2698,2728,2746,2835,2832,2811,2800,2884,2887,2875,2829,2934,2896,2894,2879
TOF,2497,2712,2714,2749,2794,2842,2831,2791,2897,2885,2868,2818,2933,2920,2897,2895
TOF,2448,2710,2692,2807,2812,2843,2815,2779,2881,2878,2880,2812,2899,2914,2897,2890
TOF,2398,2765,2700,2739,2825,2836,2828,2803,2876,2879,2866,2816,2914,2904,2886,2918
TOF,2744,2760,2698,2770,2811,2830,2808,2789,2885,2869,2859,2797,2883,2908,2898,2905
TOF,2466,2673,2698,2764,2817,2839,2836,2789,2895,2899,2860,2821,2897,2921,2912,2880
TOF,2450,2693,2704,2761,2827,2831,2820,2801,2894,2889,2845,2795,2908,2921,2890,2897
TOF,2491,2689,2723,2746,2810,2845,2818,2788,2890,2876,2865,2814,2903,2908,2882,2919
TOF,2407,2715,2696,2780,2813,2859,2825,2772,2886,2865,2849,2844,2901,2913,2914,2878
TOF,2517,2684,2716,2726,2795,2838,2823,2766,2886,2877,2854,2813,2930,2906,2902,2916
TOF,2443,2655,2731,2799,2812,2839,2808,2773,2898,2875,2853,2809,2922,2926,2890,2895
TOF,2679,2659,2710,2757,2809,2843,2822,2785,2885,2871,2871,2818,2933,2918,2924,2873
TOF,2400,2671,2678,2780,2829,2835,2817,2800,2909,2874,2866,2819,2910,2916,2905,2911
TOF,2438,2710,2706,2767,2832,2842,2820,2785,2895,2881,2845,2821,2920,2933,2903,2892
TOF,2424,2681,2715,2781,2815,2833,2811,2776,2912,2877,2858,2815,2900,2907,2911,2858
TOF,2421,2716,2731,2750,2809,2835,2822,2776,2885,2881,2851,2844,2912,2918,2908,2907
TOF,2381,2683,2712,2777,2827,2842,2828,2767,2878,2878,2863,2821,2899,2923,2888,2875
TOF,2413,2713,2698,2763,2807,2838,2820,2775,2888,2878,2863,2807,2922,2915,2900,2894
TOF,2390,2672,2705,2728,2815,2846,2816,2795,2886,2889,2857,2811,2900,2918,2899,2912
TOF,2393,2687,2717,2784,2813,2840,2833,2778,2899,2884,2866,2848,2920,2899,2904,2897
TOF,2453,2719,2698,2752,2816,2822,2821,2776,2898,2871,2859,2815,2924,2888,2897,2867
TOF,2489,2681,2700,2773,2815,2831,2824,2772,2891,2881,2868,2814,2908,2908,2905,2868
TOF,2475,2750,2670,2742,2812,2846,2822,2754,2882,2882,2857,2814,2906,2898,2893,2887
TOF,2425,2683,2707,2745,2827,2845,2820,2772,2911,2883,2863,2834,2928,2922,2902,2896
TOF,2423,2740,2702,2779,2825,2832,2815,2790,2920,2872,2861,2820,2930,2889,2883,2884
TOF,2446,2693,2716,2740,2812,2841,2828,2780,2879,2876,2859,2836,2927,2904,2904,2894
TOF,2443,2704,2695,2749,2823,2840,2813,2782,2906,2869,2852,2802,2921,2912,2908,2891
TOF,2435,2712,2683,2736,2816,2835,2819,2796,2887,2867,2860,2828,2917,2902,2884,2874
TOF,2541,2693,2712,2758,2818,2839,2818,2764,2888,2885,2868,2807,2892,2900,2908,2898
TOF,2570,2718,2698,2749,2826,2844,2818,2785,2903,2880,2873,2826,2919,2917,2901,2880
TOF,2757,2701,2720,2717,2815,2844,2819,2792,2893,2877,2856,2817,2921,2914,2886,2893
TOF,2467,2722,2724,2752,2813,2826,2824,2806,2894,2866,2849,2838,2926,2900,2917,2909
TOF,2433,2762,2715,2789,2806,2831,2827,2765,2902,2880,2867,2792,2904,2913,2887,2878
TOF,2404,2705,2714,2743,2802,2850,2820,2797,2889,2886,2865,2822,2911,2904,2904,2891
TOF,2380,2678,2709,2778,2820,2836,2816,2780,2889,2887,2869,2827,2935,2909,2898,2906
TOF,2814,2716,2708,2775,2817,2832,2826,2803,2901,2871,2866,2818,2933,2899,2906,2921
TOF,2656,2725,2697,2767,2821,2852,2808,2788,2888,2884,2875,2824,2909,2909,2891,2892
TOF,2430,2700,2711,2723,2809,2825,2821,2781,2890,2888,2854,2835,2920,2899,2893,2882
TOF,2396,2711,2699,2751,2816,2840,2823,2784,2898,2882,2869,2811,2915,2903,2914,2878
TOF,2428,2674,2696,2789,2815,2842,2823,2797,2885,2884,2863,2813,2910,2911,2886,2889
TOF,2434,2691,2708,2751,2817,2835,2824,2788,2893,2876,2870,2804,2894,2924,2904,2895
TOF,2448,2686,2706,2775,2809,2835,2810,2785,2896,2880,2851,2829,2896,2896,2915,2881
TOF,2663,2721,2696,2730,2808,2839,2822,2786,2891,2861,2857,2806,2910,2911,2897,2892
TOF,2564,2689,2714,2701,2826,2848,2822,2795,2886,2881,2876,2808,2909,2923,2906,2876
TOF,2383,2668,2713,2748,2809,2840,2821,2803,2897,2882,2860,2834,2908,2909,2893,2885
TOF,2643,2729,2699,2769,2832,2827,2825,2786,2891,2868,2871,2825,2912,2919,2904,2894
TOF,2406,2763,2707,2810,2826,2822,2835,2796,2878,2891,2872,2813,2904,2907,2891,2892
TOF,2413,2694,2708,2773,2817,2827,2812,2801,2903,2894,2870,2836,2939,2916,2897,2888
TOF,2443,2711,2700,2750,2809,2833,2829,2781,2913,2898,2873,2819,2933,2926,2926,2888
TOF,2349,2690,2708,2768,2824,2842,2812,2789,2887,2864,2850,2812,2912,2912,2901,2884
TOF,2700,2693,2718,2769,2818,2833,2822,2801,2904,2891,2860,2822,2918,2914,2913,2878
TOF,2381,2685,2697,2779,2823,2840,2823,2763,2889,2866,2867,2822,2915,2928,2899,2893
TOF,2674,2711,2696,2739,2842,2837,2819,2812,2872,2898,2870,2826,2921,2905,2921,2887
TOF,2367,2703,2707,2764,2810,2819,2822,2777,2880,2876,2863,2805,2911,2915,2906,2918
TOF,2678,2700,2699,2765,2812,2840,2827,2782,2894,2881,2851,2804,2927,2935,2889,2894
TOF,2454,2700,2703,2773,2817,2840,2827,2788,2882,2869,2852,2817,2924,2894,2896,2881
TOF,2683,2671,2703,2767,2816,2851,2824,2809,2877,2892,2852,2822,2924,2910,2900,2913
TOF,2395,2666,2700,2736,2808,2835,2828,2789,2885,2879,2863,2806,2864,2912,2910,2902
TOF,2448,2738,2723,2780,2823,2840,2813,2813,2911,2881,2852,2821,2909,2905,2901,2863
TOF,2420,2692,2708,2745,2817,2849,2826,2789,2875,2872,2862,2803,2909,2897,2909,2884
TOF,2499,2674,2721,2766,2814,2841,2816,2803,2919,2873,2859,2795,2946,2907,2897,2890
TOF,2453,2692,2704,2785,2815,2832,2828,2786,2874,2892,2876,2827,2914,2905,2893,2900
TOF,2468,2702,2718,2793,2830,2826,2814,2793,2890,2881,2861,2804,2900,2891,2872,2921
TOF,2681,2681,2712,2775,2816,2839,2819,2800,2904,2872,2863,2804,2924,2927,2909,2889
TOF,2421,2717,2712,2783,2804,2820,2814,2790,2908,2870,2862,2826,2901,2905,2896,2903
TOF,2490,2713,2731,2743,2821,2839,2820,2788,2887,2884,2867,2817,2918,2904,2888,2903
TOF,2682,2717,2703,2790,2819,2845,2830,2784,2896,2878,2872,2793,2934,2921,2897,2887
TOF,2376,2700,2707,2774,2820,2832,2820,2804,2891,2882,2865,2821,2935,2901,2915,2890
TOF,2641,2697,2692,2762,2809,2835,2819,2776,2895,2892,2864,2826,2927,2921,2929,2885
TOF,2389,2708,2712,2817,2812,2826,2819,2801,2895,2869,2867,2844,2902,2911,2910,2903
TOF,2461,2729,2714,2762,2814,2841,2815,2794,2899,2881,2870,2803,2895,2908,2898,2885
TOF,2470,2673,2696,2796,2810,2845,2821,2787,2889,2891,2848,2805,2912,2907,2889,2921
TOF,2408,2700,2729,2796,2810,2838,2811,2790,2889,2882,2859,2839,2921,2900,2894,2887
TOF,2373,2694,2714,2770,2824,2823,2812,2790,2898,2896,2873,2828,2932,2927,2901,2895
TOF,2432,2717,2703,2729,2813,2840,2819,2787,2895,2887,2858,2815,2905,2908,2895,2887
TOF,2433,2666,2711,2790,2821,2836,2828,2791,2915,2895,2866,2823,2908,2903,2901,2883
TOF,2538,2721,2695,2745,2816,2850,2830,2769,2882,2868,2868,2807,2904,2911,2892,2874
TOF,2676,2703,2684,2788,2793,2833,2829,2787,2891,2888,2862,2832,2900,2932,2896,2896
TOF,2419,2692,2691,2780,2820,2829,2825,2774,2886,2875,2854,2819,2903,2903,2880,2914
TOF,2448,2684,2686,2780,2809,2837,2835,2792,2903,2877,2864,2835,2924,2900,2889,2901
TOF,2747,2663,2707,2749,2827,2837,2823,2777,2890,2871,2874,2813,2935,2915,2896,2882
TOF,2485,2747,2722,2757,2819,2831,2822,2786,2891,2883,2867,2821,2939,2910,2902,2898
TOF,2453,2715,2699,2789,2826,2843,2838,2793,2883,2880,2852,2833,2922,2912,2903,2872
TOF,2421,2675,2689,2753,2811,2838,2817,2775,2888,2874,2862,2807,2926,2920,2918,2851
TOF,2432,2682,2699,2776,2804,2852,2824,2770,2881,2869,2861,2818,2934,2908,2900,2887
TOF,2644,2686,2709,2752,2815,2845,2820,2779,2891,2890,2852,2834,2926,2905,2900,2879
TOF,2496,2683,2714,2789,2815,2839,2819,2782,2893,2875,2859,2836,2889,2905,2933,2872
TOF,2668,2722,2709,2764,2815,2851,2817,2783,2877,2880,2869,2833,2908,2914,2907,2877
TOF,2419,2691,2703,2789,2831,2838,2825,2757,2894,2872,2849,2797,2881,2906,2903,2896
TOF,2348,2715,2692,2753,2835,2838,2818,2801,2892,2871,2862,2849,2912,2900,2910,2897
TOF,2458,2653,2702,2757,2817,2844,2823,2786,2902,2857,2859,2837,2914,2916,2911,2874
TOF,2455,2690,2707,2771,2796,2837,2828,2792,2895,2880,2855,2815,2923,2925,2904,2887
TOF,2469,2598,2709,2739,2805,2850,2816,2778,2910,2880,2865,2841,2909,2901,2909,2900
TOF,2420,2681,2701,2783,2820,2842,2829,2822,2883,2877,2870,2821,2933,2914,2897,2886
TOF,2454,2698,2697,2774,2808,2829,2826,2779,2913,2890,2850,2825,2903,2910,2891,2890
TOF,2747,2718,2718,2791,2829,2850,2825,2777,2892,2893,2866,2807,2884,2915,2886,2892
TOF,2430,2735,2712,2779,2834,2846,2807,2791,2886,2876,2851,2836,2943,2928,2895,2880
TOF,2360,2693,2697,2779,2812,2847,2819,2784,2890,2876,2869,2803,2922,2915,2892,2875
TOF,2462,2723,2712,2757,2797,2836,2818,2773,2890,2884,2856,2821,2923,2907,2894,2923
TOF,2409,2706,2707,2754,2795,2827,2831,2784,2899,2881,2854,2828,2929,2903,2898,2887
TOF,2433,2703,2680,2771,2825,2838,2824,2786,2890,2882,2851,2821,2942,2895,2894,2887
TOF,2421,2630,2694,2741,2802,2841,2824,2766,2886,2894,2862,2824,2898,2917,2896,2887
TOF,2423,2681,2696,2745,2811,2841,2823,2806,2902,2888,2856,2799,2934,2908,2900,2893
TOF,2480,2716,2731,2715,2805,2842,2826,2795,2890,2872,2868,2829,2918,2940,2907,2887
TOF,2465,2690,2708,2810,2806,2832,2821,2806,2886,2876,2860,2814,2910,2916,2914,2878
TOF,2720,2702,2692,2775,2828,2831,2831,2771,2889,2870,2861,2817,2916,2895,2869,2899
TOF,2494,2699,2717,2773,2809,2840,2827,2803,2906,2891,2868,2824,2897,2906,2883,2892
TOF,2488,2683,2697,2749,2792,2840,2819,2801,2903,2888,2882,2814,2947,2910,2909,2898
TOF,2568,2700,2710,2785,2804,2842,2807,2775,2874,2874,2876,2817,2912,2934,2895,2872
TOF,2407,2704,2713,2712,2816,2834,2829,2767,2913,2903,2856,2817,2933,2926,2898,2892
TOF,2575,2708,2695,2734,2810,2844,2815,2804,2881,2877,2849,2833,2920,2901,2895,2856
TOF,2430,2685,2722,2739,2810,2844,2822,2804,2878,2868,2856,2833,2905,2895,2901,2917
TOF,2409,2715,2714,2759,2808,2840,2827,2790,2901,2888,2863,2818,2915,2902,2893,2890
TOF,2398,2705,2688,2764,2820,2835,2822,2808,2889,2890,2865,2811,2918,2907,2899,2899
TOF,2784,2672,2702,2778,2831,2846,2816,2756,2888,2871,2861,2792,2918,2905,2890,2911
TOF,2403,2700,2686,2735,2855,2853,2813,2766,2915,2885,2863,2813,2940,2942,2905,2883
TOF,2712,2704,2685,2712,2851,2853,2814,2790,2917,2882,2861,2816,2932,2920,2923,2877
TOF,2387,2715,2703,2725,2827,2845,2810,2777,2916,2891,2864,2826,2936,2933,2893,2868
TOF,2583,2653,2708,2751,2851,2833,2814,2761,2918,2910,2860,2821,2900,2914,2895,2898
TOF,2633,2716,2720,2731,2797,2844,2813,2751,2923,2878,2838,2813,2951,2907,2893,2883
TOF,2438,2688,2669,2722,2821,2832,2813,2750,2922,2885,2863,2810,2931,2903,2869,2868
TOF,2407,2691,2713,2749,2840,2841,2807,2755,2893,2874,2859,2812,2926,2930,2903,2862
TOF,2422,2698,2708,2727,2841,2833,2822,2772,2900,2894,2869,2817,2925,2911,2894,2884
TOF,2443,2701,2713,2727,2832,2843,2801,2744,2920,2875,2862,2818,2906,2936,2904,2853
TOF,2373,2628,2713,2729,2831,2844,2819,2772,2922,2889,2851,2820,2903,2926,2896,2879
TOF,2421,2725,2692,2733,2816,2846,2816,2765,2914,2887,2842,2832,2927,2927,2893,2888
TOF,2422,2692,2689,2791,2809,2838,2811,2794,2905,2885,2854,2797,2931,2914,2903,2878
TOF,2396,2723,2693,2780,2832,2860,2817,2763,2914,2889,2874,2817,2909,2924,2909,2882
TOF,2440,2667,2705,2739,2820,2846,2816,2752,2934,2890,2855,2804,2940,2902,2907,2894
TOF,2403,2618,2727,2713,2815,2845,2813,2772,2905,2891,2866,2821,2927,2934,2909,2880
TOF,2805,2702,2701,2732,2842,2847,2817,2778,2902,2893,2857,2805,2920,2928,2912,2874
TOF,2729,2760,2714,2693,2820,2849,2825,2772,2926,2887,2861,2839,2927,2917,2904,2882
TOF,2368,2713,2711,2743,2826,2849,2822,2771,2911,2889,2852,2819,2916,2894,2901,2875
TOF,2415,2704,2710,2726,2812,2848,2817,2759,2913,2866,2858,2824,2910,2921,2904,2872
TOF,2418,2715,2705,2733,2805,2846,2815,2767,2927,2884,2848,2798,2931,2927,2918,2899
TOF,2427,2685,2708,2726,2804,2842,2819,2768,2914,2891,2853,2816,2937,2933,2897,2886
TOF,2705,2712,2712,2727,2830,2842,2823,2769,2901,2890,2857,2821,2911,2933,2913,2892
TOF,2442,2706,2708,2751,2831,2846,2811,2792,2906,2887,2870,2818,2932,2909,2890,2882
TOF,2454,2783,2710,2757,2821,2834,2809,2769,2898,2879,2856,2823,2906,2906,2889,2877
TOF,2469,2720,2704,2720,2819,2846,2833,2763,2912,2890,2857,2827,2915,2907,2910,2890
TOF,2744,2700,2708,2749,2831,2834,2824,2757,2932,2891,2855,2795,2928,2946,2903,2857
TOF,2420,2692,2707,2686,2813,2849,2825,2786,2914,2879,2852,2800,2937,2924,2906,2896
TOF,2391,2709,2706,2729,2845,2845,2815,2761,2920,2887,2857,2825,2920,2909,2921,2890
TOF,2531,2676,2712,2714,2843,2840,2825,2768,2890,2879,2865,2824,2925,2923,2895,2895
TOF,2626,2724,2724,2729,2823,2849,2826,2757,2908,2880,2849,2810,2930,2928,2888,2909
TOF,2398,2673,2712,2736,2823,2839,2804,2791,2907,2872,2858,2805,2928,2907,2899,2883
TOF,2487,2700,2712,2723,2840,2838,2807,2775,2903,2887,2861,2809,2898,2901,2905,2911
TOF,2377,2697,2707,2744,2821,2834,2818,2775,2913,2881,2858,2818,2939,2906,2906,2884
TOF,2452,2708,2708,2737,2834,2843,2813,2775,2906,2885,2854,2794,2897,2938,2890,2868
TOF,2369,2709,2692,2739,2818,2832,2816,2767,2905,2885,2865,2817,2914,2899,2908,2898
TOF,2466,2673,2726,2762,2826,2838,2818,2772,2878,2892,2866,2812,2938,2919,2897,2881
TOF,2382,2688,2694,2783,2811,2834,2824,2786,2905,2887,2847,2810,2945,2921,2917,2873
TOF,2406,2705,2708,2733,2831,2840,2809,2769,2888,2872,2849,2809,2940,2915,2914,2887
TOF,2443,2673,2706,2765,2831,2856,2826,2772,2901,2876,2855,2818,2918,2918,2895,2872
TOF,2390,2664,2716,2718,2809,2835,2812,2792,2895,2882,2849,2826,2929,2912,2898,2859
TOF,2494,2706,2720,2761,2831,2838,2812,2770,2901,2905,2858,2835,2959,2945,2919,2922
TOF,2626,2682,2724,2775,2834,2830,2825,2762,2939,2878,2875,2834,2920,2934,2917,2901
TOF,2533,2703,2718,2723,2830,2831,2811,2789,2898,2902,2861,2855,2932,2927,2928,2898
TOF,2452,2710,2701,2774,2838,2846,2810,2781,2873,2902,2863,2841,2974,2941,2931,2900
TOF,2491,2698,2705,2732,2830,2835,2814,2781,2905,2898,2867,2840,2907,2928,2929,2897
TOF,2477,2692,2713,2709,2839,2845,2801,2759,2913,2918,2853,2824,2921,2922,2920,2914
TOF,2469,2679,2730,2722,2824,2841,2827,2760,2894,2889,2865,2817,2949,2947,2932,2905
TOF,2487,2720,2703,2717,2828,2828,2822,2766,2889,2897,2873,2837,2946,2928,2925,2921
TOF,2489,2708,2710,2691,2836,2834,2830,2782,2893,2887,2877,2823,2929,2932,2925,2906
TOF,2727,2761,2729,2739,2823,2841,2815,2763,2909,2872,2874,2834,2912,2940,2927,2920
TOF,2428,2710,2710,2767,2833,2834,2827,2746,2897,2895,2878,2832,2937,2930,2906,2905
TOF,2509,2674,2699,2760,2832,2828,2812,2759,2891,2896,2867,2837,2932,2953,2912,2899
TOF,2458,2704,2719,2748,2829,2831,2819,2765,2902,2892,2870,2828,2947,2908,2925,2894
